{
	"asset": {
		"generator": "SOLIDWORKSGLTF",
		"version" : "2.0"
	},
"extensionsUsed": [ "KHR_lights_punctual", "Solidworks_custom_properties" ],
	"scene" : 0,
	"scenes": [
		{
			"name": "Default - Display State-1",
			"nodes": [
				0]
		}
	],
	"nodes": [
		{
			"children": [
				1, 2, 3, 4, 5, 6, 7, 8, 9, 10, 11, 12, 13, 14, 15, 16, 17, 18, 19, 20, 21, 22, 23, 24, 25, 26, 27, 28, 29, 30, 31, 32, 33, 34, 35, 36, 37, 38, 39, 40, 41, 42, 43, 44, 45, 46, 47, 48, 49, 50, 51, 52, 53, 54, 55, 56, 57, 58, 59, 60, 61, 62, 63, 64, 65, 66, 67, 68, 69, 70, 71, 72, 73, 74, 75, 76, 77, 78, 79, 80, 81, 82, 83, 84, 85, 86, 87, 88, 89, 90, 91, 92, 93, 94, 95, 96, 97, 98, 99, 100, 101, 102, 103, 104, 105, 106, 107, 108, 109, 110, 111, 112, 113, 114, 115, 116, 117, 118, 119, 120, 121, 122, 123, 124, 125, 126, 127, 128, 129, 130, 131, 132, 133, 134, 135, 136, 137, 138, 139, 140, 141, 142, 143, 144, 145, 146, 147, 148, 149, 150, 151, 152, 153, 154, 155, 156, 157, 158, 159, 160, 161, 162, 163, 164, 165, 166, 167, 168, 169, 170, 171, 172, 173, 174, 175, 176, 177, 178, 179, 180, 181, 182, 183, 184, 185, 186, 187, 188, 189, 190, 191, 192, 193, 194, 195, 196, 197, 198, 199, 200, 201, 202, 203, 204, 205, 206, 207, 208, 209, 210, 211, 212, 213, 214, 215, 216, 217, 218, 219, 220, 221, 222, 223, 224, 225, 226, 227, 228, 229, 230, 231, 232, 233, 234, 235, 236, 237, 238, 239, 240, 241, 242, 243, 244, 245, 246, 247, 248, 249, 250, 251, 252, 253, 254, 255, 256, 257, 258, 259, 260, 261, 262, 263, 264, 265, 266, 267, 268, 269, 270, 271, 272, 273, 274, 275, 276, 277, 278, 279, 280, 281, 282, 283, 284, 285, 286, 287, 288, 289, 290, 291, 292, 293, 294, 295, 296, 297, 298, 299, 300, 301, 302, 303, 304, 305, 306, 307, 308, 309, 310, 311, 312, 313, 314, 315, 316, 317, 318, 319, 320, 321, 322, 323, 324, 325, 326, 327, 328, 329, 330, 331, 332, 333, 334, 335, 336, 337, 338, 339, 340, 341, 342, 343, 344, 345, 346, 347, 348, 349, 350, 351, 352, 353, 354, 355, 356, 357, 358, 359, 360, 361, 362, 363, 364, 365, 366, 367, 368, 369, 370, 371, 372, 373, 374, 375, 376, 377, 378, 379, 380, 381, 382, 383, 384, 385, 386, 387, 388, 389, 390, 391, 392, 393, 394, 395, 396, 397, 398, 399, 400, 401, 402, 403, 404, 405, 406, 407, 408, 409, 410, 411, 412, 413, 414, 415, 416, 417, 418, 419, 420, 421, 422, 423, 424, 425, 426, 427, 428, 429, 430, 431, 432, 433, 434, 435, 436, 437, 438, 439, 440, 441, 442, 443, 444, 445, 446, 447, 448, 449, 450, 451, 452, 453, 454, 455, 456, 457, 458, 459, 460, 461, 462, 463, 464, 465, 466, 467, 468, 469, 470, 471, 472, 473, 474, 475, 476, 477, 478, 479, 480, 481, 482, 483, 484, 485, 486, 487, 488, 489, 490, 491, 492, 493, 494, 495, 496, 497, 498, 499, 500, 501, 502, 503, 504, 505, 506, 507, 508, 509, 510, 511, 512, 513, 514, 515, 516, 517, 518, 519, 520, 521, 522, 523, 524, 525, 526, 527, 528, 529, 530, 531, 532, 533, 534, 535, 536, 537, 538, 539, 540, 541, 542, 543, 544, 545, 546, 547, 548, 549, 550, 551, 552, 553, 554, 555, 556, 557, 558, 559, 560, 561, 562, 563, 564, 565, 566, 567, 568, 569, 570, 571, 572, 573, 574, 575, 576, 577, 578, 579, 580, 581, 582, 583, 584, 585, 586, 587, 588, 589, 590, 591, 592, 593, 594, 595, 596, 597, 598, 599, 600, 601, 602, 603, 604, 605, 606, 607, 608, 609, 610, 611, 612, 613, 614, 615, 616, 617, 618, 619, 620, 621, 622, 623, 624, 625, 626, 627, 628, 629, 630, 631, 632, 633, 634, 635, 636, 637, 638, 639, 640, 641, 642, 643, 644, 645, 646, 647, 648, 649, 650, 651, 652, 653, 654, 655, 656, 657, 658, 659, 660, 661, 662, 663, 664, 665, 666, 667, 668, 669, 670, 671, 672, 673, 674, 675, 676, 677, 678, 679, 680, 681, 682, 683, 684, 685, 686, 687, 688, 689, 690, 691, 692, 693, 694, 695, 696, 697, 698, 699, 700, 701, 702, 703, 704, 705, 706, 707, 708, 709, 710, 711, 712, 713, 714, 715, 716, 717, 718, 719, 720, 721, 722, 723, 724, 725, 726, 727, 728, 729, 730, 731, 732, 733, 734, 735, 736, 737, 738, 739, 740, 741, 742, 743, 744, 745, 746, 747, 748, 749, 750, 751, 752, 753, 754, 755, 756, 757, 758, 759, 760, 761, 762, 763, 764, 765, 766, 767, 768, 769, 770, 771, 772, 773, 774, 775, 776, 777, 778, 779, 780, 781, 782, 783, 784, 785, 786, 787, 788, 789, 790, 791, 792, 793, 794, 795, 796, 797, 798, 799, 800, 801, 802, 803, 804, 805, 806, 807, 808, 809, 810, 811, 812, 813, 814, 815, 816, 817, 818, 819, 820, 821, 822, 823, 824, 825, 826, 827, 828, 829, 830, 831, 832, 833, 834, 835, 836, 837, 838, 839, 840, 841, 842, 843, 844, 845, 846, 847, 848, 849, 850, 851, 852, 853, 854, 855, 856, 857, 858, 859, 860, 861, 862, 863, 864, 865, 866, 867, 868, 869, 870, 871, 872, 873, 874, 875, 876, 877, 878, 879, 880, 881, 882, 883, 884, 885, 886, 887, 888, 889, 890, 891, 892, 893, 894, 895, 896, 897, 898, 899, 900, 901, 902, 903, 904, 905, 906, 907, 908, 909, 910, 911, 912, 913, 914, 915, 916, 917, 918, 919, 920, 921, 922, 923, 924, 925, 926, 927, 928, 929, 930, 931, 932, 933, 934, 935, 936, 937, 938, 939, 940, 941, 942, 943, 944, 945, 946, 947, 948, 949, 950, 951
			]
			,"name": "R609-000-0001"		}
,
		{
			"matrix": [
				0,					1,					0,					0,
				0,					0,					-1,					0,
				-1,					0,					0,					0,
				0.675,					0.434679,					0.4013,					1
			]
			,"mesh": 0
			,"name": "82_06_0041_1-5"		}
,
		{
			"matrix": [
				0,					-1,					0,					0,
				-0.133168,					0,					0.991093,					0,
				-0.991093,					0,					-0.133168,					0,
				0.501798,					1.09428,					0.33541,					1
			]
			,"mesh": 1
			,"name": "189652_ZBH-5_1-3"		}
,
		{
			"matrix": [
				0,					-1,					0,					0,
				-0.315169,					0,					-0.949036,					0,
				0.949036,					0,					-0.315169,					0,
				0.541636,					1.09428,					0.33941,					1
			]
			,"mesh": 2
			,"name": "189652_ZBH-5_1-5"		}
,
		{
			"matrix": [
				-1,					0,					0,					0,
				0,					-1,					0,					0,
				0,					0,					1,					0,
				0.525181,					1.09298,					0.34891,					1
			]
			,"mesh": 3
			,"name": "R609-210-002-A_1-3"		}
,
		{
			"matrix": [
				0.866025,					0,					-0.5,					0,
				0,					-1,					0,					0,
				-0.5,					0,					-0.866025,					0,
				0.530984,					1.10498,					0.34556,					1
			]
			,"mesh": 4
			,"name": "_540862 HGDT-35-Aj_1-2"		}
,
		{
			"matrix": [
				0,					0,					1,					0,
				0,					1,					0,					0,
				-1,					0,					0,					0,
				0.518181,					1.10548,					0.32291,					1
			]
			,"mesh": 5
			,"name": "HI_DIN-913 - M5x5_1-1"		}
,
		{
			"matrix": [
				0,					0,					1,					0,
				0,					-1,					0,					0,
				1,					0,					0,					0,
				0.525181,					1.10498,					0.35561,					1
			]
			,"mesh": 6
			,"name": "_540862 HGDT-35-Aj_1-3"		}
,
		{
			"matrix": [
				0.94044,					0.339958,					0,					0,
				-0.339958,					0.94044,					0,					0,
				0,					0,					1,					0,
				0.531181,					1.12998,					0.31241,					1
			]
			,"mesh": 7
			,"name": "130771 QSML-M5-4-100_1-1"		}
,
		{
			"matrix": [
				0,					-1,					0,					0,
				-0.664305,					0,					0.747462,					0,
				-0.747462,					0,					-0.664305,					0,
				0.508727,					1.09428,					0.33941,					1
			]
			,"mesh": 8
			,"name": "189652_ZBH-5_1-4"		}
,
		{
			"matrix": [
				0,					-1,					0,					0,
				0,					0,					1,					0,
				-1,					0,					0,					0,
				0.517681,					1.13874,					0.33041,					1
			]
			,"mesh": 9
			,"name": "HI_DIN-913 - M3x3_1-1"		}
,
		{
			"matrix": [
				0.426171,					0,					-0.904642,					0,
				0,					1,					0,					0,
				0.904642,					0,					0.426171,					0,
				0.525181,					1.57398,					0.34891,					1
			]
			,"mesh": 10
			,"name": "R609-280-003_1-2"		}
,
		{
			"matrix": [
				0,					1,					0,					0,
				-0.252133,					0,					-0.967693,					0,
				-0.967693,					0,					0.252133,					0,
				0.525181,					1.60373,					0.34891,					1
			]
			,"mesh": 11
			,"name": "_VND-M162GT_1-2"		}
,
		{
			"matrix": [
				0,					0,					1,					0,
				0,					1,					0,					0,
				-1,					0,					0,					0,
				0.532181,					1.10548,					0.32291,					1
			]
			,"mesh": 12
			,"name": "HI_DIN-913 - M5x5_1-2"		}
,
		{
			"matrix": [
				-0.507538,					0,					-0.861629,					0,
				0.861629,					0,					-0.507538,					0,
				0,					-1,					0,					0,
				0.542812,					1.13898,					0.338748,					1
			]
			,"mesh": 13
			,"name": "551373 SMT-10M-PS-24V-E-2.5-L-OE_1-1"		}
,
		{
			"matrix": [
				-0.707107,					0,					-0.707107,					0,
				0.707107,					0,					-0.707107,					0,
				0,					-1,					0,					0,
				0.519524,					1.18098,					0.363052,					1
			]
			,"mesh": 14
			,"name": "_Zylinderschraube ISO 4762 - screw - M5x16-screw_1-2"		}
,
		{
			"matrix": [
				0.5,					0,					0.866025,					0,
				0,					-1,					0,					0,
				0.866025,					0,					-0.5,					0,
				0.525181,					1.09298,					0.34891,					1
			]
			,"mesh": 15
			,"name": "R609-210-002-A_1-2"		}
,
		{
			"matrix": [
				0,					-1,					0,					0,
				-0.791728,					0,					-0.610873,					0,
				0.610873,					0,					-0.791728,					0,
				0.548564,					1.09428,					0.33541,					1
			]
			,"mesh": 16
			,"name": "189652_ZBH-5_1-7"		}
,
		{
			"matrix": [
				0,					-1,					0,					0,
				0,					0,					1,					0,
				-1,					0,					0,					0,
				-0.055,					0.625979,					0.5,					1
			]
			,"mesh": 17
			,"name": "K110000011(1)_1-1"		}
,
		{
			"matrix": [
				0,					-1,					0,					0,
				0.979473,					0,					0.201574,					0,
				-0.201574,					0,					0.979473,					0,
				0.525181,					1.09428,					0.36791,					1
			]
			,"mesh": 18
			,"name": "189652_ZBH-5_1-6"		}
,
		{
			"matrix": [
				0,					1,					0,					0,
				-0.707107,					0,					0.707107,					0,
				0.707107,					0,					0.707107,					0,
				0.525181,					1.15498,					0.34891,					1
			]
			,"mesh": 19
			,"name": "_SSTHWR20b_1-2"		}
,
		{
			"matrix": [
				0.5,					0,					0.866025,					0,
				0,					-1,					0,					0,
				0.866025,					0,					-0.5,					0,
				0.525181,					1.09298,					0.34891,					1
			]
			,"mesh": 20
			,"name": "R609-210-007_1-2"		}
,
		{
			"matrix": [
				0.472179,					0,					0.881502,					0,
				0,					1,					0,					0,
				-0.881502,					0,					0.472179,					0,
				0.525181,					0.960479,					0.34891,					1
			]
			,"mesh": 21
			,"name": "Tube_1-1"		}
,
		{
			"matrix": [
				0,					-1,					0,					0,
				0,					0,					1,					0,
				-1,					0,					0,					0,
				0.532681,					1.13874,					0.33041,					1
			]
			,"mesh": 22
			,"name": "HI_DIN-913 - M3x3_1-2"		}
,
		{
			"matrix": [
				0.472179,					0,					0.881502,					0,
				0,					1,					0,					0,
				-0.881502,					0,					0.472179,					0,
				0.525181,					1.07008,					0.34891,					1
			]
			,"mesh": 23
			,"name": "Cap_1-1"		}
,
		{
			"matrix": [
				0,					1,					0,					0,
				0.834745,					0,					0.550637,					0,
				0.550637,					0,					-0.834745,					0,
				0.525181,					1.59173,					0.34891,					1
			]
			,"mesh": 24
			,"name": "7500W60042RS_1-2"		}
,
		{
			"matrix": [
				1,					0,					0,					0,
				0,					-1,					0,					0,
				0,					0,					-1,					0,
				-0.596,					0.811979,					0.475,					1
			]
			,"mesh": 25
			,"name": "82_05_0055_1-1"		}
,
		{
			"matrix": [
				-0.94044,					0.339958,					0,					0,
				-0.339958,					-0.94044,					0,					0,
				0,					0,					1,					0,
				0.519181,					1.12998,					0.31241,					1
			]
			,"mesh": 26
			,"name": "130771 QSML-M5-4-100_1-2"		}
,
		{
			"matrix": [
				-0.507538,					0,					0.861629,					0,
				-0.861629,					0,					-0.507538,					0,
				0,					-1,					0,					0,
				0.50755,					1.13898,					0.338748,					1
			]
			,"mesh": 27
			,"name": "551373 SMT-10M-PS-24V-E-2.5-L-OE_1-2"		}
,
		{
			"matrix": [
				-1,					0,					0,					0,
				0,					-1,					0,					0,
				0,					0,					1,					0,
				0.525181,					1.09298,					0.34891,					1
			]
			,"mesh": 28
			,"name": "R609-210-007_1-3"		}
,
		{
			"matrix": [
				-0.999347,					0,					-0.0361199,					0,
				0,					1,					0,					0,
				0.0361199,					0,					-0.999347,					0,
				0.525181,					1.08198,					0.34891,					1
			]
			,"mesh": 29
			,"name": "2mm voeler_1-1"		}
,
		{
			"matrix": [
				-0.426171,					0,					0.904642,					0,
				-0.493965,					-0.837763,					-0.232704,					0,
				0.757876,					-0.546034,					0.357031,					0,
				0.516581,					1.57998,					0.333141,					1
			]
			,"mesh": 30
			,"name": "Socket Head Cap Screw_DIN_DIN 912 M5 x 40 --- 40N-3"		}
,
		{
			"matrix": [
				-0.426171,					0,					0.904642,					0,
				0.325718,					-0.932932,					0.153444,					0,
				0.84397,					0.360052,					0.397589,					0,
				0.542816,					1.57998,					0.3455,					1
			]
			,"mesh": 31
			,"name": "Socket Head Cap Screw_DIN_DIN 912 M5 x 40 --- 40N-4"		}
,
		{
			"matrix": [
				0.426171,					0,					-0.904642,					0,
				0,					1,					0,					0,
				0.904642,					0,					0.426171,					0,
				0.525181,					1.60373,					0.34891,					1
			]
			,"mesh": 32
			,"name": "47242RVS Seegerring RVS Huis 42 mm_1-2"		}
,
		{
			"matrix": [
				0,					-1,					0,					0,
				0.924896,					0,					-0.38022,					0,
				0.38022,					0,					0.924896,					0,
				0.525181,					1.09428,					0.37591,					1
			]
			,"mesh": 33
			,"name": "189652_ZBH-5_1-8"		}
,
		{
			"matrix": [
				0.694175,					0,					-0.719806,					0,
				0,					1,					0,					0,
				0.719806,					0,					0.694175,					0,
				0.525181,					1.58773,					0.34891,					1
			]
			,"mesh": 34
			,"name": "R609-280-004_1-2"		}
,
		{
			"matrix": [
				0.991527,					0,					-0.129898,					0,
				0,					1,					0,					0,
				0.129898,					0,					0.991527,					0,
				0.494434,					1.67348,					0.145003,					1
			]
			,"mesh": 35
			,"name": "R609-280-011_1-1"		}
,
		{
			"matrix": [
				-0.153447,					0,					0.988157,					0,
				0,					-1,					0,					0,
				0.988157,					0,					0.153447,					0,
				0.526272,					1.66137,					0.121669,					1
			]
			,"mesh": 36
			,"name": "EE_1-1"		}
,
		{
			"matrix": [
				1,					0,					0,					0,
				0,					1,					0,					0,
				0,					0,					1,					0,
				0,					0.135979,					0,					1
			]
			,"mesh": 37
			,"name": "R609-510-001_1-1"		}
,
		{
			"matrix": [
				1,					0,					0,					0,
				0,					0,					1,					0,
				0,					-1,					0,					0,
				-0.3375,					0.525979,					0.475,					1
			]
			,"mesh": 38
			,"name": "R609-510-021_1-1"		}
,
		{
			"matrix": [
				0,					0,					-1,					0,
				-1,					0,					0,					0,
				0,					1,					0,					0,
				-0.6475,					0.754979,					0.50765,					1
			]
			,"mesh": 39
			,"name": "B46_01_001_1-1"		}
,
		{
			"matrix": [
				0,					1,					0,					0,
				0.172637,					0,					0.984986,					0,
				0.984986,					0,					-0.172637,					0,
				0.507135,					1.69043,					0.130732,					1
			]
			,"mesh": 40
			,"name": "_VND-M162GT_1-3"		}
,
		{
			"matrix": [
				0,					0,					-1,					0,
				-1,					0,					0,					0,
				0,					1,					0,					0,
				-0.6475,					0.294979,					0.50765,					1
			]
			,"mesh": 41
			,"name": "B46_01_001_1-2"		}
,
		{
			"matrix": [
				1,					0,					0,					0,
				0,					0,					1,					0,
				0,					-1,					0,					0,
				-0.3375,					0.525979,					0.495,					1
			]
			,"mesh": 42
			,"name": "R609-510-104_1-1"		}
,
		{
			"matrix": [
				1,					0,					0,					0,
				0,					1,					0,					0,
				0,					0,					1,					0,
				-0.596,					0.239979,					0.475,					1
			]
			,"mesh": 43
			,"name": "82_05_0055_1-3"		}
,
		{
			"matrix": [
				0,					0,					1,					0,
				1,					0,					0,					0,
				0,					1,					0,					0,
				0.6475,					0.294979,					0.50765,					1
			]
			,"mesh": 44
			,"name": "B46_01_001_1-4"		}
,
		{
			"matrix": [
				-1,					0,					0,					0,
				0,					1,					0,					0,
				0,					0,					-1,					0,
				-0.079,					0.239979,					0.475,					1
			]
			,"mesh": 45
			,"name": "82_05_0055_1-4"		}
,
		{
			"matrix": [
				-1,					0,					0,					0,
				0,					1,					0,					0,
				0,					0,					-1,					0,
				0.596,					0.239979,					0.475,					1
			]
			,"mesh": 46
			,"name": "82_05_0055_1-8"		}
,
		{
			"matrix": [
				1,					0,					0,					0,
				0,					1,					0,					0,
				0,					0,					1,					0,
				0.079,					0.239979,					0.475,					1
			]
			,"mesh": 47
			,"name": "82_05_0055_1-7"		}
,
		{
			"matrix": [
				1,					0,					0,					0,
				0,					0,					1,					0,
				0,					-1,					0,					0,
				0.3375,					0.525979,					0.495,					1
			]
			,"mesh": 48
			,"name": "R609-510-104_1-2"		}
,
		{
			"matrix": [
				0,					0,					1,					0,
				0,					1,					0,					0,
				-1,					0,					0,					0,
				-0.675,					0.184679,					-0.4013,					1
			]
			,"mesh": 49
			,"name": "82_06_0041_1-1"		}
,
		{
			"matrix": [
				1,					0,					0,					0,
				0,					1,					0,					0,
				0,					0,					1,					0,
				-0.6513,					0.184679,					-0.475,					1
			]
			,"mesh": 50
			,"name": "82_06_0041_1-3"		}
,
		{
			"matrix": [
				1,					0,					0,					0,
				0,					-1,					0,					0,
				0,					0,					-1,					0,
				0.079,					0.811979,					0.475,					1
			]
			,"mesh": 51
			,"name": "82_05_0055_1-5"		}
,
		{
			"matrix": [
				1,					0,					0,					0,
				0,					0,					1,					0,
				0,					-1,					0,					0,
				0.3375,					0.525979,					0.475,					1
			]
			,"mesh": 52
			,"name": "R609-510-021_1-2"		}
,
		{
			"matrix": [
				0,					0,					1,					0,
				1,					0,					0,					0,
				0,					1,					0,					0,
				-0.6513,					1.11598,					-0.4513,					1
			]
			,"mesh": 53
			,"name": "82_06_0042_1-1"		}
,
		{
			"matrix": [
				0,					0,					-1,					0,
				-1,					0,					0,					0,
				0,					1,					0,					0,
				0.65,					0.160979,					0.45,					1
			]
			,"mesh": 54
			,"name": "82_06_0014_1-1"		}
,
		{
			"matrix": [
				0,					-1,					0,					0,
				0,					0,					1,					0,
				-1,					0,					0,					0,
				0.055,					0.625979,					0.5,					1
			]
			,"mesh": 55
			,"name": "K110000011(1)_1-2"		}
,
		{
			"matrix": [
				0,					0,					1,					0,
				1,					0,					0,					0,
				0,					1,					0,					0,
				0.6475,					0.754979,					0.50765,					1
			]
			,"mesh": 56
			,"name": "B46_01_001_1-3"		}
,
		{
			"matrix": [
				0,					1,					0,					0,
				0,					0,					-1,					0,
				-1,					0,					0,					0,
				-0.675,					0.184679,					0.4013,					1
			]
			,"mesh": 57
			,"name": "82_06_0041_1-2"		}
,
		{
			"matrix": [
				-1,					0,					0,					0,
				0,					-1,					0,					0,
				0,					0,					1,					0,
				-0.079,					0.811979,					0.475,					1
			]
			,"mesh": 58
			,"name": "82_05_0055_1-2"		}
,
		{
			"matrix": [
				0,					0,					-1,					0,
				-1,					0,					0,					0,
				0,					1,					0,					0,
				0.6513,					0.410979,					-0.2187,					1
			]
			,"mesh": 59
			,"name": "82_06_0041_1-4"		}
,
		{
			"matrix": [
				0,					-1,					0,					0,
				1,					0,					0,					0,
				0,					0,					1,					0,
				0.224,					1.06698,					-0.075,					1
			]
			,"mesh": 60
			,"name": "82_05_0055_1-9"		}
,
		{
			"matrix": [
				0,					0,					-1,					0,
				1,					0,					0,					0,
				0,					-1,					0,					0,
				0.225,					0.940979,					0.45,					1
			]
			,"mesh": 61
			,"name": "82_06_0014_1-2"		}
,
		{
			"matrix": [
				0,					0,					-1,					0,
				-1,					0,					0,					0,
				0,					1,					0,					0,
				0.65,					0.915979,					0.45,					1
			]
			,"mesh": 62
			,"name": "82_07_0003_1-1"		}
,
		{
			"matrix": [
				-1,					0,					0,					0,
				0,					0,					1,					0,
				0,					1,					0,					0,
				0.0563,					1.11598,					-0.4513,					1
			]
			,"mesh": 63
			,"name": "82_06_0042_1-2"		}
,
		{
			"matrix": [
				-1,					0,					0,					0,
				0,					-1,					0,					0,
				0,					0,					1,					0,
				0.596,					0.811979,					0.475,					1
			]
			,"mesh": 64
			,"name": "82_05_0055_1-6"		}
,
		{
			"matrix": [
				0,					1,					0,					0,
				0,					0,					-1,					0,
				-1,					0,					0,					0,
				-0.262867,					1.29737,					0.166449,					1
			]
			,"mesh": 65
			,"name": "_SSTHWR20b_1-1"		}
,
		{
			"matrix": [
				0,					1,					0,					0,
				0.935506,					0,					-0.353311,					0,
				-0.353311,					0,					-0.935506,					0,
				-0.262867,					1.71712,					0.166449,					1
			]
			,"mesh": 66
			,"name": "7500W60042RS_1-1"		}
,
		{
			"matrix": [
				-0.101553,					0,					0.99483,					0,
				-0.99483,					0,					-0.101553,					0,
				0,					-1,					0,					0,
				-0.262867,					1.23307,					0.166449,					1
			]
			,"mesh": 67
			,"name": "TipSim_1-1"		}
,
		{
			"matrix": [
				0,					1,					0,					0,
				-0.931719,					0,					-0.363179,					0,
				-0.363179,					0,					0.931719,					0,
				-0.262867,					1.72912,					0.166449,					1
			]
			,"mesh": 68
			,"name": "_VND-M162GT_1-1"		}
,
		{
			"matrix": [
				0,					0,					1,					0,
				1,					0,					0,					0,
				0,					1,					0,					0,
				0.2,					1.19898,					-0.15,					1
			]
			,"mesh": 69
			,"name": "J1_BASE_UNIT_BackCon_SV-1_1-1"		}
,
		{
			"matrix": [
				-0.566931,					0,					0.823765,					0,
				0.823765,					0,					0.566931,					0,
				0,					1,					0,					0,
				-0.3,					1.19898,					-0.13,					1
			]
			,"mesh": 70
			,"name": "J1_ARM_UNIT_1-1"		}
,
		{
			"matrix": [
				-0.337334,					0,					0.941385,					0,
				0.941385,					0,					0.337334,					0,
				0,					1,					0,					0,
				-0.127933,					1.15137,					-0.210105,					1
			]
			,"mesh": 71
			,"name": "J3J4_SHAFT_UNIT_1-1"		}
,
		{
			"matrix": [
				1,					0,					0,					0,
				0,					0,					1,					0,
				0,					-1,					0,					0,
				-0.268867,					1.32337,					0.152449,					1
			]
			,"mesh": 72
			,"name": "_Zylinderschraube ISO 4762 - screw - M5x16-screw_1-1"		}
,
		{
			"matrix": [
				0,					0,					1,					0,
				1,					0,					0,					0,
				0,					1,					0,					0,
				-0.3,					1.19898,					-0.13,					1
			]
			,"mesh": 73
			,"name": "RCC_1-1"		}
,
		{
			"matrix": [
				1,					0,					0,					0,
				0,					0,					-1,					0,
				0,					1,					0,					0,
				-0.262867,					1.25987,					0.158449,					1
			]
			,"mesh": 74
			,"name": "R609-220-002-A_1-1"		}
,
		{
			"matrix": [
				0.752596,					0,					0.658482,					0,
				0.658482,					0,					-0.752596,					0,
				0,					1,					0,					0,
				-0.563905,					1.19898,					-0.0969434,					1
			]
			,"mesh": 75
			,"name": "J2_ARM_UNIT_SV_1-1"		}
,
		{
			"matrix": [
				0,					0,					1,					0,
				1,					0,					0,					0,
				0,					1,					0,					0,
				-0.3,					1.19898,					-0.13,					1
			]
			,"mesh": 76
			,"name": "J1_BASE_UNIT_BackCon_SV_1-1"		}
,
		{
			"matrix": [
				0,					0,					-1,					0,
				-0.973912,					0.226926,					0,					0,
				0.226926,					0.973912,					0,					0,
				-0.262867,					1.26137,					0.159349,					1
			]
			,"mesh": 77
			,"name": "189652_ZBH-5_1-1"		}
,
		{
			"matrix": [
				0,					0,					1,					0,
				0,					1,					0,					0,
				-1,					0,					0,					0,
				-0.262867,					1.28537,					0.166449,					1
			]
			,"mesh": 78
			,"name": "R609-220-001-B_1-1"		}
,
		{
			"matrix": [
				-0.490446,					0,					0.871471,					0,
				0,					1,					0,					0,
				-0.871471,					0,					-0.490446,					0,
				-0.262867,					1.21507,					0.166449,					1
			]
			,"mesh": 79
			,"name": "Tip_1-1"		}
,
		{
			"matrix": [
				0,					-1,					0,					0,
				0,					0,					1,					0,
				-1,					0,					0,					0,
				-0.262867,					1.28407,					0.158449,					1
			]
			,"mesh": 80
			,"name": "23341113_SW0001_1-1"		}
,
		{
			"matrix": [
				0,					0,					-1,					0,
				-0.963092,					0.269171,					0,					0,
				0.269171,					0.963092,					0,					0,
				-0.262867,					1.24637,					0.159349,					1
			]
			,"mesh": 81
			,"name": "189652_ZBH-5_1-2"		}
,
		{
			"matrix": [
				-0.482913,					0,					-0.875668,					0,
				0,					1,					0,					0,
				0.875668,					0,					-0.482913,					0,
				-0.262867,					1.69937,					0.166449,					1
			]
			,"mesh": 82
			,"name": "R609-280-003_1-1"		}
,
		{
			"matrix": [
				0.482913,					0,					0.875668,					0,
				-0.478145,					-0.837763,					0.263687,					0,
				0.733602,					-0.546034,					-0.404567,					0,
				-0.280683,					1.70537,					0.16417,					1
			]
			,"mesh": 83
			,"name": "Socket Head Cap Screw_DIN_DIN 912 M5 x 40 --- 40N-1"		}
,
		{
			"matrix": [
				0.482913,					0,					0.875668,					0,
				0.315286,					-0.932932,					-0.173874,					0,
				0.816939,					0.360052,					-0.450525,					0,
				-0.255289,					1.70537,					0.150165,					1
			]
			,"mesh": 84
			,"name": "Socket Head Cap Screw_DIN_DIN 912 M5 x 40 --- 40N-2"		}
,
		{
			"matrix": [
				-0.482913,					0,					-0.875668,					0,
				0,					1,					0,					0,
				0.875668,					0,					-0.482913,					0,
				-0.262867,					1.72912,					0.166449,					1
			]
			,"mesh": 85
			,"name": "47242RVS Seegerring RVS Huis 42 mm_1-1"		}
,
		{
			"matrix": [
				-0.17604,					0,					-0.984383,					0,
				0,					1,					0,					0,
				0.984383,					0,					-0.17604,					0,
				-0.262867,					1.71312,					0.166449,					1
			]
			,"mesh": 86
			,"name": "R609-280-004_1-1"		}
,
		{
			"matrix": [
				0,					0,					1,					0,
				1,					0,					0,					0,
				0,					1,					0,					0,
				0.195,					1.20348,					-0.186,					1
			]
			,"mesh": 87
			,"name": "3D_RCC-1_1-1"		}
,
		{
			"matrix": [
				0.984364,					0,					-0.176144,					0,
				-0.176144,					0,					-0.984364,					0,
				0,					1,					0,					0,
				-0.114656,					0.998979,					0.463404,					1
			]
			,"mesh": 88
			,"name": "J3J4_SHAFT_UNIT-1_1-1"		}
,
		{
			"matrix": [
				0.817748,					0,					0.575577,					0,
				0.575577,					0,					-0.817748,					0,
				0,					1,					0,					0,
				0.2,					1.19898,					-0.15,					1
			]
			,"mesh": 89
			,"name": "J1_ARM_UNIT-1_1-1"		}
,
		{
			"matrix": [
				0.129898,					0,					0.991527,					0,
				0.991527,					0,					-0.129898,					0,
				0,					1,					0,					0,
				0.440747,					1.19898,					-0.295583,					1
			]
			,"mesh": 90
			,"name": "J2_ARM_UNIT_SV-1_1-1"		}
,
		{
			"matrix": [
				-1,					0,					0,					0,
				0,					-1,					0,					0,
				0,					0,					1,					0,
				0.525181,					1.15498,					0.34891,					1
			]
			,"mesh": 91
			,"name": "R609-210-001_1-1"		}
,
		{
			"matrix": [
				0.5,					0,					-0.866025,					0,
				0,					-1,					0,					0,
				-0.866025,					0,					-0.5,					0,
				0.525181,					1.09298,					0.34891,					1
			]
			,"mesh": 92
			,"name": "R609-210-002-A_1-1"		}
,
		{
			"matrix": [
				-0.866025,					0,					-0.5,					0,
				0,					-1,					0,					0,
				-0.5,					0,					0.866025,					0,
				0.519379,					1.10498,					0.34556,					1
			]
			,"mesh": 93
			,"name": "_540862 HGDT-35-Aj_1-1"		}
,
		{
			"matrix": [
				0.5,					0,					-0.866025,					0,
				0,					-1,					0,					0,
				-0.866025,					0,					-0.5,					0,
				0.525181,					1.09298,					0.34891,					1
			]
			,"mesh": 94
			,"name": "R609-210-007_1-1"		}
,
		{
			"matrix": [
				1,					0,					0,					0,
				0,					-1,					0,					0,
				0,					0,					-1,					0,
				0.525181,					1.13898,					0.34891,					1
			]
			,"mesh": 95
			,"name": "_540862 HGDT-35-Az_1-1"		}
,
		{
			"matrix": [
				1,					0,					0,					0,
				0,					0,					1,					0,
				0,					-1,					0,					0,
				0.22401,					0.385979,					-0.2723,					1
			]
			,"mesh": 96
			,"name": "Schnitt-Linear austragen1_1-7"		}
,
		{
			"matrix": [
				1,					0,					0,					0,
				0,					0,					1,					0,
				0,					-1,					0,					0,
				0.2565,					0.377479,					-0.2828,					1
			]
			,"mesh": 97
			,"name": "Schnitt-Linear austragen5[1]_1-1"		}
,
		{
			"matrix": [
				1,					0,					0,					0,
				0,					0,					1,					0,
				0,					-1,					0,					0,
				0.24533,					0.385979,					-0.2723,					1
			]
			,"mesh": 98
			,"name": "Schnitt-Linear austragen1_1-1"		}
,
		{
			"matrix": [
				1,					0,					0,					0,
				0,					0,					1,					0,
				0,					-1,					0,					0,
				0.26765,					0.385979,					-0.2933,					1
			]
			,"mesh": 99
			,"name": "Schnitt-Linear austragen1_1-6"		}
,
		{
			"matrix": [
				1,					0,					0,					0,
				0,					1,					0,					0,
				0,					0,					1,					0,
				0.3014,					0.376479,					-0.3095,					1
			]
			,"mesh": 100
			,"name": "Fase1_1-2"		}
,
		{
			"matrix": [
				0,					0,					1,					0,
				1,					0,					0,					0,
				0,					1,					0,					0,
				-0.4355,					0.975579,					-0.1127,					1
			]
			,"mesh": 101
			,"name": "1183459_1-2"		}
,
		{
			"matrix": [
				1,					0,					0,					0,
				0,					0,					1,					0,
				0,					-1,					0,					0,
				0.24533,					0.385979,					-0.2933,					1
			]
			,"mesh": 102
			,"name": "Schnitt-Linear austragen1_1-2"		}
,
		{
			"matrix": [
				0,					0,					1,					0,
				1,					0,					0,					0,
				0,					1,					0,					0,
				-0.4355,					1.03438,					-0.3053,					1
			]
			,"mesh": 103
			,"name": "1183459_1-3"		}
,
		{
			"matrix": [
				0,					0,					-1,					0,
				0,					1,					0,					0,
				1,					0,					0,					0,
				-0.4365,					0.978379,					-0.209001,					1
			]
			,"mesh": 104
			,"name": "E03701631_1-1"		}
,
		{
			"matrix": [
				0,					0,					1,					0,
				1,					0,					0,					0,
				0,					1,					0,					0,
				-0.4355,					0.985379,					-0.300001,					1
			]
			,"mesh": 105
			,"name": "8042352_1-2"		}
,
		{
			"matrix": [
				1,					0,					0,					0,
				0,					0,					1,					0,
				0,					-1,					0,					0,
				0.2565,					0.377479,					-0.2828,					1
			]
			,"mesh": 106
			,"name": "Schnitt-Linear austragen5[2]_1-1"		}
,
		{
			"matrix": [
				0,					0,					1,					0,
				0,					1,					0,					0,
				-1,					0,					0,					0,
				-0.418,					1.00498,					-0.279001,					1
			]
			,"mesh": 107
			,"name": "00153157_DUMMY_1-1"		}
,
		{
			"matrix": [
				-0.838037,					0.545614,					0,					0,
				0.545614,					0.838037,					0,					0,
				0,					0,					-1,					0,
				0.3014,					0.376479,					-0.2613,					1
			]
			,"mesh": 108
			,"name": "Fase2_1-2"		}
,
		{
			"matrix": [
				1,					0,					0,					0,
				0,					0,					1,					0,
				0,					-1,					0,					0,
				0.22401,					0.385979,					-0.2933,					1
			]
			,"mesh": 109
			,"name": "Schnitt-Linear austragen1_1-8"		}
,
		{
			"matrix": [
				1,					0,					0,					0,
				0,					0,					1,					0,
				0,					-1,					0,					0,
				0.28898,					0.385979,					-0.2723,					1
			]
			,"mesh": 110
			,"name": "Schnitt-Linear austragen1_1-3"		}
,
		{
			"matrix": [
				0,					0,					-1,					0,
				0,					1,					0,					0,
				1,					0,					0,					0,
				-0.3365,					0.918827,					-0.109909,					1
			]
			,"mesh": 111
			,"name": "8143223_1-1"		}
,
		{
			"matrix": [
				1,					0,					0,					0,
				0,					0,					1,					0,
				0,					-1,					0,					0,
				0.28898,					0.385979,					-0.2933,					1
			]
			,"mesh": 112
			,"name": "Schnitt-Linear austragen1_1-4"		}
,
		{
			"matrix": [
				0.997049,					-0.0767718,					0,					0,
				-0.0767718,					-0.997049,					0,					0,
				0,					0,					-1,					0,
				0.2116,					0.376479,					-0.2613,					1
			]
			,"mesh": 113
			,"name": "Fase2_1-1"		}
,
		{
			"matrix": [
				1,					0,					0,					0,
				0,					0,					1,					0,
				0,					-1,					0,					0,
				0.26765,					0.385979,					-0.2723,					1
			]
			,"mesh": 114
			,"name": "Schnitt-Linear austragen1_1-5"		}
,
		{
			"matrix": [
				1,					0,					0,					0,
				0,					0,					1,					0,
				0,					-1,					0,					0,
				-0.282,					0.378979,					-0.2828,					1
			]
			,"mesh": 115
			,"name": "43705KEL-DPZ 24_17 gy  _ Cable entry plate, screw assembly, IP66_1-1"		}
,
		{
			"matrix": [
				0,					0,					-1,					0,
				-1,					0,					0,					0,
				0,					1,					0,					0,
				-0.4477,					0.986489,					-0.219001,					1
			]
			,"mesh": 116
			,"name": "DSTB9P-2_1-1"		}
,
		{
			"matrix": [
				1,					0,					0,					0,
				0,					-1,					0,					0,
				0,					0,					-1,					0,
				0,					0.399279,					-0.50365,					1
			]
			,"mesh": 117
			,"name": "_8195-1005_1_1-2"		}
,
		{
			"matrix": [
				1,					0,					0,					0,
				0,					1,					0,					0,
				0,					0,					1,					0,
				0.2116,					0.376479,					-0.3095,					1
			]
			,"mesh": 118
			,"name": "Fase1_1-1"		}
,
		{
			"matrix": [
				0,					0,					-1,					0,
				-1,					0,					0,					0,
				0,					1,					0,					0,
				-0.44965,					0.986489,					-0.177701,					1
			]
			,"name": "BU-RJ45E_1-1"		}
,
		{
			"matrix": [
				0,					0,					-1,					0,
				-1,					0,					0,					0,
				0,					1,					0,					0,
				-0.4405,					0.986489,					-0.149501,					1
			]
			,"mesh": 119
			,"name": "ML5PA-3_1-1"		}
,
		{
			"matrix": [
				1,					0,					0,					0,
				0,					-1,					0,					0,
				0,					0,					-1,					0,
				0.353752,					0.530479,					-0.012,					1
			]
			,"mesh": 120
			,"name": "R-30iB Controller Compact Plus_1-2"		}
,
		{
			"matrix": [
				0,					0,					1,					0,
				1,					0,					0,					0,
				0,					1,					0,					0,
				-0.4355,					1.03438,					-0.1127,					1
			]
			,"mesh": 121
			,"name": "1183459_1-1"		}
,
		{
			"matrix": [
				1,					0,					0,					0,
				0,					0,					1,					0,
				0,					-1,					0,					0,
				0.118,					0.378979,					-0.2828,					1
			]
			,"mesh": 122
			,"name": "43725KEL-DPZ 24_16 gy  _ Cable entry plate, screw assembly, IP66_1-1"		}
,
		{
			"matrix": [
				0,					0,					-1,					0,
				0,					1,					0,					0,
				1,					0,					0,					0,
				-0.4365,					1.00498,					-0.209001,					1
			]
			,"mesh": 123
			,"name": "E03712177_1-1"		}
,
		{
			"matrix": [
				0,					0,					1,					0,
				1,					0,					0,					0,
				0,					1,					0,					0,
				-0.4355,					0.975579,					-0.3053,					1
			]
			,"mesh": 124
			,"name": "1183459_1-4"		}
,
		{
			"matrix": [
				0,					0,					1,					0,
				1,					0,					0,					0,
				0,					1,					0,					0,
				-0.4325,					0.986979,					-0.137401,					1
			]
			,"mesh": 125
			,"name": "8143224_1-1"		}
,
		{
			"matrix": [
				0,					0,					1,					0,
				1,					0,					0,					0,
				0,					1,					0,					0,
				-0.4355,					0.985379,					-0.118001,					1
			]
			,"mesh": 126
			,"name": "8042352_1-1"		}
,
		{
			"matrix": [
				0,					0,					1,					0,
				0,					-1,					0,					0,
				1,					0,					0,					0,
				-0.4485,					0.969479,					-0.126001,					1
			]
			,"mesh": 127
			,"name": "E03810109_1-1"		}
,
		{
			"matrix": [
				0,					0,					-1,					0,
				-1,					0,					0,					0,
				0,					1,					0,					0,
				-0.6375,					1.03438,					-0.1127,					1
			]
			,"mesh": 128
			,"name": "1183459_1-6"		}
,
		{
			"matrix": [
				0,					-1,					0,					0,
				0,					0,					-1,					0,
				1,					0,					0,					0,
				0.601,					0.584479,					0.305,					1
			]
			,"mesh": 129
			,"name": "_3343944 LRP-...-6_1-1"		}
,
		{
			"matrix": [
				0,					0,					-1,					0,
				0,					1,					0,					0,
				1,					0,					0,					0,
				0.5858,					0.542479,					0.2849,					1
			]
			,"mesh": 130
			,"name": "_532798 MS4-MV---(ms4)_1-1"		}
,
		{
			"matrix": [
				0,					1,					0,					0,
				0,					0,					1,					0,
				1,					0,					0,					0,
				0.571568,					0.5588,					0.305,					1
			]
			,"mesh": 131
			,"name": "_688876 MS4-AD7---(ms4)_1-1"		}
,
		{
			"matrix": [
				0,					0,					-1,					0,
				-1,					0,					0,					0,
				0,					1,					0,					0,
				-0.6375,					0.975579,					-0.1127,					1
			]
			,"mesh": 132
			,"name": "1183459_1-7"		}
,
		{
			"matrix": [
				0,					0,					-1,					0,
				0,					1,					0,					0,
				1,					0,					0,					0,
				0.5858,					0.542479,					0.3251,					1
			]
			,"mesh": 133
			,"name": "_532798 MS4-MV---(ms4)_1-2"		}
,
		{
			"matrix": [
				-1,					0,					0,					0,
				0,					1,					0,					0,
				0,					0,					-1,					0,
				0.645,					0.504379,					0.3251,					1
			]
			,"mesh": 134
			,"name": "_532184 MS4-WP---(wp)_1-2"		}
,
		{
			"matrix": [
				0,					0,					1,					0,
				0,					-1,					0,					0,
				1,					0,					0,					0,
				-0.6245,					0.969479,					-0.126001,					1
			]
			,"mesh": 135
			,"name": "E03810109_1-4"		}
,
		{
			"matrix": [
				0,					0,					1,					0,
				0,					1,					0,					0,
				-1,					0,					0,					0,
				-0.6365,					1.00498,					-0.209001,					1
			]
			,"mesh": 136
			,"name": "E03712245_1-1"		}
,
		{
			"matrix": [
				0,					0,					-1,					0,
				-1,					0,					0,					0,
				0,					1,					0,					0,
				-0.377713,					0.999229,					-0.0727063,					1
			]
			,"mesh": 137
			,"name": "00714123_1-1"		}
,
		{
			"matrix": [
				0,					0,					-1,					0,
				0,					-1,					0,					0,
				-1,					0,					0,					0,
				-0.4485,					0.969479,					-0.292001,					1
			]
			,"mesh": 138
			,"name": "E03810109_1-2"		}
,
		{
			"matrix": [
				1,					0,					0,					0,
				0,					1,					0,					0,
				0,					0,					1,					0,
				0.601,					0.443879,					0.305,					1
			]
			,"mesh": 139
			,"name": "_526489 MS4-LFR-M_1-1"		}
,
		{
			"matrix": [
				0,					0,					-1,					0,
				-1,					0,					0,					0,
				0,					1,					0,					0,
				-0.6305,					1.00498,					-0.169001,					1
			]
			,"mesh": 140
			,"name": "00698981_1-1"		}
,
		{
			"matrix": [
				1,					0,					0,					0,
				0,					0,					1,					0,
				0,					-1,					0,					0,
				0.601,					0.557479,					0.3653,					1
			]
			,"mesh": 141
			,"name": "186118_QSL-G1_4-6_1-1"		}
,
		{
			"matrix": [
				0,					0,					1,					0,
				0,					-1,					0,					0,
				1,					0,					0,					0,
				0.62,					0.557479,					0.2648,					1
			]
			,"mesh": 142
			,"name": "HI_645204 MS4_1-1"		}
,
		{
			"matrix": [
				0,					0,					-1,					0,
				-1,					0,					0,					0,
				0,					1,					0,					0,
				-0.377713,					0.999229,					-0.0477163,					1
			]
			,"mesh": 143
			,"name": "00714123_1-2"		}
,
		{
			"matrix": [
				0,					0,					-1,					0,
				0,					1,					0,					0,
				1,					0,					0,					0,
				-0.4325,					1.02598,					-0.259909,					1
			]
			,"mesh": 144
			,"name": "00364975_1-1"		}
,
		{
			"matrix": [
				0,					0,					-1,					0,
				-1,					0,					0,					0,
				0,					1,					0,					0,
				-0.6375,					0.975579,					-0.3053,					1
			]
			,"mesh": 145
			,"name": "1183459_1-8"		}
,
		{
			"matrix": [
				0,					0,					1,					0,
				0,					-1,					0,					0,
				1,					0,					0,					0,
				-0.6245,					0.969479,					-0.292001,					1
			]
			,"mesh": 146
			,"name": "E03810109_1-3"		}
,
		{
			"matrix": [
				-1,					0,					0,					0,
				0,					-1,					0,					0,
				0,					0,					1,					0,
				0.601,					0.533379,					0.2648,					1
			]
			,"mesh": 147
			,"name": "_6842 U-1_4-B_1-1"		}
,
		{
			"matrix": [
				0,					0,					-1,					0,
				-1,					0,					0,					0,
				0,					1,					0,					0,
				-0.6375,					1.03438,					-0.3053,					1
			]
			,"mesh": 148
			,"name": "1183459_1-5"		}
,
		{
			"matrix": [
				-1,					0,					0,					0,
				0,					1,					0,					0,
				0,					0,					-1,					0,
				0.601,					0.557479,					0.305,					1
			]
			,"mesh": 149
			,"name": "HI_526489 MS4-LFR-1_4-D6-E-R-M-AD1-AS-1D_1-1"		}
,
		{
			"matrix": [
				0,					0,					1,					0,
				0,					-1,					0,					0,
				1,					0,					0,					0,
				0.62,					0.557479,					0.305,					1
			]
			,"mesh": 150
			,"name": "HI_645204 MS4_1-2"		}
,
		{
			"matrix": [
				-1,					0,					0,					0,
				0,					1,					0,					0,
				0,					0,					-1,					0,
				0.645,					0.504379,					0.2849,					1
			]
			,"mesh": 151
			,"name": "_532184 MS4-WP---(wp)_1-1"		}
,
		{
			"matrix": [
				-1,					0,					0,					0,
				0,					1,					0,					0,
				0,					0,					-1,					0,
				0.601,					0.557479,					0.2648,					1
			]
			,"mesh": 152
			,"name": "HI_541266 MS4-EM1-1_4-S-1D_1-1"		}
,
		{
			"matrix": [
				-1,					0,					0,					0,
				0,					1,					0,					0,
				0,					0,					-1,					0,
				0.559068,					0.526179,					0.305,					1
			]
			,"mesh": 153
			,"name": "_192766 SDE1-D10-G2-MS4-L-P1-M8---(S)_1-1"		}
,
		{
			"matrix": [
				-1,					0,					0,					0,
				0,					1,					0,					0,
				0,					0,					-1,					0,
				0.601,					0.557479,					0.3452,					1
			]
			,"mesh": 154
			,"name": "HI_527703 MS4-FRM-1_4-1s_1-1"		}
,
		{
			"matrix": [
				0,					0,					1,					0,
				0,					-1,					0,					0,
				1,					0,					0,					0,
				0.62,					0.557479,					0.3452,					1
			]
			,"mesh": 155
			,"name": "HI_645204 MS4_1-3"		}
,
		{
			"matrix": [
				1,					0,					0,					0,
				0,					1,					0,					0,
				0,					0,					1,					0,
				0.601,					0.586379,					0.3452,					1
			]
			,"mesh": 156
			,"name": "186118_QSL-G1_4-6_1-2"		}
,
		{
			"matrix": [
				-0.999942,					-0.0107277,					0,					0,
				0,					0,					-1,					0,
				0.0107277,					-0.999942,					0,					0,
				0.601,					0.557479,					0.2447,					1
			]
			,"mesh": 157
			,"name": "186122_QSL-G1_4-10_1-1"		}
,
		{
			"matrix": [
				-1,					0,					0,					0,
				0,					0,					-1,					0,
				0,					-1,					0,					0,
				0.601,					0.525979,					0.3452,					1
			]
			,"mesh": 158
			,"name": "3569_B-1_4_1-1"		}
,
