{
	"asset": {
		"generator": "SOLIDWORKSGLTF",
		"version" : "2.0"
	},
"extensionsUsed": [ "KHR_lights_punctual", "Solidworks_custom_properties" ],
	"scene" : 0,
	"scenes": [
		{
			"name": "Default - Display State-1",
			"nodes": [
				0],
			"extensions": {
				"Solidworks_custom_properties": { 
					"custom_properties": [
						{ "name": "List12", "value": "", "type": "Text" }
					]
				}
			}

		}
		,
		{
			"name": "Nulpositie - Display State-1",
			"nodes": [
				241],
			"extensions": {
				"Solidworks_custom_properties": { 
					"custom_properties": [
						{ "name": "List12", "value": "", "type": "Text" }
					]
				}
			}

		}
	],
	"nodes": [
		{
			"children": [
				1, 144, 165, 175, 181, 215, 226, 232
			]
			,"name": "R639-100-000"		}
,
		{
			"children": [
				2, 3, 4, 5, 6, 7, 8, 9, 10, 11, 12, 13, 14, 15, 16, 17, 18, 19, 20, 21, 22, 23, 24, 25, 26, 27, 28, 29, 30, 31, 32, 33, 34, 35, 36, 37, 38, 39, 40, 43, 44, 45, 46, 47, 48, 49, 50, 51, 52, 53, 54, 55, 56, 57, 58, 59, 60, 61, 62, 63, 64, 65, 66, 67, 68, 69, 70, 71, 72, 73, 74, 75, 76, 77, 94, 95, 96, 97, 98, 99, 100, 101, 102, 103, 104, 105, 106, 107, 108, 109, 110, 111, 112, 113, 114, 115, 118, 119, 120, 121, 122, 125, 126, 127, 128, 129, 130, 133, 134, 135, 136, 137, 138, 139, 140, 141, 142, 143
			]
			,"matrix": [
				-0.998345,					0.0492327,					-0.0297182,					0,
				0.050346,					0.99801,					-0.0379526,					0,
				0.0277906,					-0.039386,					-0.998838,					0,
				-0.0630856,					1.86545,					-1.54588,					1
			]
			,"name": "R639-210-000-1"		}
,
		{
			"matrix": [
				8.47846e-17,					-1,					-1.45717e-16,					0,
				-0.549868,					-1.66533e-16,					0.835252,					0,
				-0.835252,					6.93889e-18,					-0.549868,					0,
				0.205,					-0.0954787,					-0.175,					1
			]
			,"mesh": 0
			,"name": "R639-210-000-1_DIN912 M10x20-8"		}
,
		{
			"matrix": [
				-4.63865e-15,					6.93889e-18,					-1,					0,
				8.0231e-18,					1,					0,					0,
				1,					5.85469e-18,					-4.63518e-15,					0,
				-0.205,					-0.218479,					-0.175,					1
			]
			,"mesh": 1
			,"name": "R639-210-000-1_R639-210-013-2"		}
,
		{
			"matrix": [
				-9.56266e-17,					-1,					-1.38778e-16,					0,
				0.549868,					-1.59595e-16,					0.835252,					0,
				-0.835252,					-6.93889e-18,					0.549868,					0,
				-0.205,					-0.0954787,					-0.175,					1
			]
			,"mesh": 2
			,"name": "R639-210-000-1_DIN912 M10x20-7"		}
,
		{
			"matrix": [
				0.623203,					6.93889e-18,					0.78206,					0,
				-0.78206,					-6.93889e-18,					0.623203,					0,
				-8.0231e-18,					-1,					0,					0,
				0.205,					-0.205979,					0.13,					1
			]
			,"mesh": 3
			,"name": "R639-210-000-1_2062_FK-M8-2"		}
,
		{
			"matrix": [
				4.66641e-15,					-6.93889e-18,					1,					0,
				8.0231e-18,					1,					0,					0,
				-1,					-4.77049e-18,					4.66294e-15,					0,
				0.205,					-0.218479,					0.175,					1
			]
			,"mesh": 4
			,"name": "R639-210-000-1_R639-210-013-3"		}
,
		{
			"matrix": [
				3.92481e-17,					-1,					-4.16334e-17,					0,
				-0.866016,					-5.48069e-17,					0.500016,					0,
				-0.500016,					1.64305e-17,					-0.866016,					0,
				0.205,					-0.163696,					-0.175,					1
			]
			,"mesh": 5
			,"name": "R639-210-000-1_FM-20-4"		}
,
		{
			"matrix": [
				-0.989662,					8.67362e-18,					-0.143418,					0,
				1.47451e-17,					1,					-6.93889e-18,					0,
				0.143418,					-6.93889e-18,					-0.989662,					0,
				-0.205,					-0.0954787,					-0.175,					1
			]
			,"mesh": 6
			,"name": "R639-210-000-1_R639-210-005-3"		}
,
		{
			"matrix": [
				0.671204,					1.04083e-16,					0.741273,					0,
				2.47198e-17,					1,					-1.38778e-16,					0,
				-0.741273,					8.67362e-17,					0.671204,					0,
				-0.205,					-0.139696,					-0.175,					1
			]
			,"mesh": 7
			,"name": "R639-210-000-1_Vlakke rubberen ring 35X20 D=3 mm Silicone 60ShoreA - 1600FPK005123-3"		}
,
		{
			"matrix": [
				4.16334e-17,					-1,					4.16334e-17,					0,
				-0.671204,					-6.245e-17,					-0.741273,					0,
				0.741273,					2.08167e-17,					-0.671204,					0,
				0.205,					-0.148196,					0.175,					1
			]
			,"mesh": 8
			,"name": "R639-210-000-1_Retaining_ring_DIN_471_32x1_5_36000_032_001_High_-3"		}
,
		{
			"matrix": [
				0.989662,					1.21431e-17,					-0.143418,					0,
				8.67362e-19,					1,					-6.93889e-18,					0,
				0.143418,					1.38778e-17,					0.989662,					0,
				0.205,					-0.0954787,					-0.175,					1
			]
			,"mesh": 9
			,"name": "R639-210-000-1_R639-210-005-4"		}
,
		{
			"matrix": [
				-0.924889,					-8.67362e-18,					0.380236,					0,
				8.0231e-18,					1,					0,					0,
				-0.380236,					6.93889e-18,					-0.924889,					0,
				0.205,					-0.159479,					0.175,					1
			]
			,"mesh": 10
			,"name": "R639-210-000-1_R639-210-006-2"		}
,
		{
			"matrix": [
				-0.671204,					8.67362e-17,					-0.741273,					0,
				-8.67362e-18,					1,					1.38778e-16,					0,
				0.741273,					1.07553e-16,					-0.671204,					0,
				0.205,					-0.139696,					0.175,					1
			]
			,"mesh": 11
			,"name": "R639-210-000-1_Vlakke rubberen ring 35X20 D=3 mm Silicone 60ShoreA - 1600FPK005123-2"		}
,
		{
			"matrix": [
				-5.78964e-17,					-1,					-4.16334e-17,					0,
				0.671204,					-6.245e-17,					0.741273,					0,
				-0.741273,					-6.93889e-18,					0.671204,					0,
				-0.205,					-0.177696,					-0.175,					1
			]
			,"mesh": 12
			,"name": "R639-210-000-1_Retaining_ring_DIN_471_32x1_5_36000_032_001_High_-5"		}
,
		{
			"matrix": [
				0.924889,					8.67362e-18,					-0.380236,					0,
				8.0231e-18,					1,					0,					0,
				0.380236,					-6.93889e-18,					0.924889,					0,
				-0.205,					-0.159479,					-0.175,					1
			]
			,"mesh": 13
			,"name": "R639-210-000-1_R639-210-006-3"		}
,
		{
			"matrix": [
				0.924889,					5.20417e-18,					-0.380236,					0,
				-0.380236,					-2.77556e-17,					-0.924889,					0,
				-6.72205e-18,					1,					-2.77556e-17,					0,
				0.205,					-0.227979,					0.175,					1
			]
			,"mesh": 14
			,"name": "R639-210-000-1_2063_FK-M10-2"		}
,
		{
			"matrix": [
				0.924889,					5.20417e-18,					-0.380236,					0,
				-0.380236,					2.77556e-17,					-0.924889,					0,
				2.27682e-17,					1,					2.77556e-17,					0,
				-0.205,					-0.227979,					-0.175,					1
			]
			,"mesh": 15
			,"name": "R639-210-000-1_2063_FK-M10-3"		}
,
		{
			"matrix": [
				-0.924889,					-5.20417e-18,					-0.380236,					0,
				8.0231e-18,					1,					0,					0,
				0.380236,					6.93889e-18,					-0.924889,					0,
				0.205,					-0.159479,					-0.175,					1
			]
			,"mesh": 16
			,"name": "R639-210-000-1_R639-210-006-4"		}
,
		{
			"matrix": [
				4.16334e-17,					-1,					4.16334e-17,					0,
				-0.866016,					-7.28584e-17,					-0.500016,					0,
				0.500016,					-6.93889e-18,					-0.866016,					0,
				0.205,					-0.163696,					0.175,					1
			]
			,"mesh": 17
			,"name": "R639-210-000-1_FM-20-2"		}
,
		{
			"matrix": [
				-5.78964e-17,					-1,					-4.16334e-17,					0,
				0.866016,					-5.89806e-17,					0.500016,					0,
				-0.500016,					-2.08167e-17,					0.866016,					0,
				-0.205,					-0.163696,					-0.175,					1
			]
			,"mesh": 18
			,"name": "R639-210-000-1_FM-20-3"		}
,
		{
			"matrix": [
				-0.924889,					-8.67362e-18,					-0.380236,					0,
				-0.380236,					-2.77556e-17,					0.924889,					0,
				-4.98733e-18,					1,					2.77556e-17,					0,
				0.205,					-0.227979,					-0.175,					1
			]
			,"mesh": 19
			,"name": "R639-210-000-1_2063_FK-M10-4"		}
,
		{
			"matrix": [
				4.16334e-17,					-1,					4.16334e-17,					0,
				-0.671204,					-6.245e-17,					-0.741273,					0,
				0.741273,					2.08167e-17,					-0.671204,					0,
				0.205,					-0.177696,					0.175,					1
			]
			,"mesh": 20
			,"name": "R639-210-000-1_Retaining_ring_DIN_471_32x1_5_36000_032_001_High_-4"		}
,
		{
			"matrix": [
				0,					0,					-1,					0,
				8.0231e-18,					1,					0,					0,
				1,					8.0231e-18,					0,					0,
				0.205,					-0.163696,					0,					1
			]
			,"mesh": 21
			,"name": "R639-210-000-1_R639-210-007-4"		}
,
		{
			"matrix": [
				0.989662,					4.33681e-18,					0.143418,					0,
				1.30104e-18,					1,					6.93889e-18,					0,
				-0.143418,					-1.38778e-17,					0.989662,					0,
				0.205,					-0.0954787,					0.175,					1
			]
			,"mesh": 22
			,"name": "R639-210-000-1_R639-210-005-2"		}
,
		{
			"matrix": [
				-5.78964e-17,					-1,					-4.16334e-17,					0,
				0.671204,					-6.245e-17,					0.741273,					0,
				-0.741273,					-6.93889e-18,					0.671204,					0,
				-0.205,					-0.148196,					-0.175,					1
			]
			,"mesh": 23
			,"name": "R639-210-000-1_Retaining_ring_DIN_471_32x1_5_36000_032_001_High_-6"		}
,
		{
			"matrix": [
				3.92481e-17,					-1,					-4.16334e-17,					0,
				-0.671204,					-6.93889e-17,					0.741273,					0,
				-0.741273,					-1.38778e-17,					-0.671204,					0,
				0.205,					-0.148196,					-0.175,					1
			]
			,"mesh": 24
			,"name": "R639-210-000-1_Retaining_ring_DIN_471_32x1_5_36000_032_001_High_-7"		}
,
		{
			"matrix": [
				3.92481e-17,					-1,					-4.16334e-17,					0,
				-0.671204,					-6.93889e-17,					0.741273,					0,
				-0.741273,					-1.38778e-17,					-0.671204,					0,
				0.205,					-0.177696,					-0.175,					1
			]
			,"mesh": 25
			,"name": "R639-210-000-1_Retaining_ring_DIN_471_32x1_5_36000_032_001_High_-8"		}
,
		{
			"matrix": [
				-0.671204,					9.02056e-17,					0.741273,					0,
				-3.03577e-18,					1,					-1.38778e-16,					0,
				-0.741273,					-1.07553e-16,					-0.671204,					0,
				0.205,					-0.139696,					-0.175,					1
			]
			,"mesh": 26
			,"name": "R639-210-000-1_Vlakke rubberen ring 35X20 D=3 mm Silicone 60ShoreA - 1600FPK005123-4"		}
,
		{
			"matrix": [
				7.95804e-17,					-1,					1.45717e-16,					0,
				-0.549868,					-1.65469e-16,					-0.835252,					0,
				0.835252,					-1.36553e-17,					-0.549868,					0,
				0.205,					-0.0954787,					0.175,					1
			]
			,"mesh": 27
			,"name": "R639-210-000-1_DIN912 M10x20-6"		}
,
		{
			"matrix": [
				1,					8.0231e-18,					0,					0,
				-1.07553e-16,					3.9747e-12,					-1,					0,
				9.75782e-18,					1,					3.9747e-12,					0,
				-1.40693e-13,					-0.16017,					0.0921071,					1
			]
			,"mesh": 28
			,"name": "R639-210-000-1_186097 QS-G1_4-6-1"		}
,
		{
			"matrix": [
				1.70003e-16,					2.28983e-16,					1,					0,
				-1,					8.13152e-17,					1.66533e-16,					0,
				-9.84456e-17,					-1,					2.35922e-16,					0,
				0.1422,					-0.0985463,					-0.03,					1
			]
			,"mesh": 29
			,"name": "R639-210-000-1_186190_QSYL-G1_8-6-1"		}
,
		{
			"matrix": [
				1.94289e-16,					-1.27676e-15,					-1,					0,
				1.71738e-15,					-1,					1.27676e-15,					0,
				-1,					-1.72497e-15,					-1.97758e-16,					0,
				-0.17375,					-0.0566963,					0.1326,					1
			]
			,"mesh": 30
			,"name": "R639-210-000-1_153335_QSML-M5-6-1"		}
,
		{
			"matrix": [
				1,					0,					0,					0,
				0,					1,					0,					0,
				0,					0,					1,					0,
				0.154,					-0.118396,					0.055,					1
			]
			,"mesh": 31
			,"name": "R639-210-000-1_8086628_MS2-LR-M5-D6-AR-BAR-B-1"		}
,
		{
			"matrix": [
				1,					-5.42101e-18,					1.04083e-17,					0,
				1.38778e-17,					0.939693,					0.34202,					0,
				-1.73472e-17,					-0.34202,					0.939693,					0,
				0,					-0.00939693,					-0.00683617,					1
			]
			,"mesh": 32
			,"name": "R639-210-000-1_R639-210-001-1"		}
,
		{
			"matrix": [
				1.11022e-16,					1.11022e-16,					1,					0,
				-2.29851e-17,					1,					-1.11022e-16,					0,
				-1,					-3.85976e-17,					1.11022e-16,					0,
				-0.125,					-0.177696,					-0.02,					1
			]
			,"mesh": 33
			,"name": "R639-210-000-1_R639-210-002-1"		}
,
		{
			"matrix": [
				1.15533e-15,					-1.39472e-15,					1,					0,
				-1,					-8.67362e-16,					1.1588e-15,					0,
				8.46328e-16,					-1,					-1.38778e-15,					0,
				-0.2191,					-0.101396,					0.1302,					1
			]
			,"name": "R639-210-000-1_574334_SMT-8M-A-PS-24V-E-03-M8D-1"		}
,
		{
			"matrix": [
				0.924889,					8.67362e-18,					0.380236,					0,
				0.380236,					-2.77556e-17,					-0.924889,					0,
				2.10335e-17,					1,					-2.77556e-17,					0,
				-0.205,					-0.227979,					0.175,					1
			]
			,"mesh": 34
			,"name": "R639-210-000-1_2063_FK-M10-1"		}
,
		{
			"matrix": [
				-1,					-8.89046e-18,					-1.38778e-17,					0,
				-8.0231e-18,					-1,					0,					0,
				-1.38778e-17,					0,					1,					0,
				-2.77556e-17,					-0.187696,					-2.22045e-16,					1
			]
			,"mesh": 35
			,"name": "R639-210-000-1_R639-210-003-1"		}
,
		{
			"matrix": [
				1.11022e-16,					1.11022e-16,					1,					0,
				-2.29851e-17,					1,					-1.11022e-16,					0,
				-1,					-3.85976e-17,					1.11022e-16,					0,
				0.125,					-0.177696,					-0.02,					1
			]
			,"mesh": 36
			,"name": "R639-210-000-1_R639-210-002-2"		}
,
		{
			"children": [
				41, 42
			]
			,"matrix": [
				1,					8.0231e-18,					-9.15934e-16,					0,
				9.15934e-16,					-6.93889e-18,					1,					0,
				-8.0231e-18,					-1,					0,					0,
				-0.205,					-0.149696,					0.13,					1
			]
			,"name": "R639-210-000-1_577189_ADN-25-60-A-PPS-A-2"		}
,
		{
			"matrix": [
				7.80626e-18,					-6.93889e-18,					-1,					0,
				0,					-1,					-6.93889e-18,					0,
				-1,					0,					8.0231e-18,					0,
				5.41234e-16,					-7.0327e-09,					0.0204824,					1
			]
			,"mesh": 37
			,"name": "R639-210-000-1_577189_ADN-25-60-A-PPS-A-2_536250_ADN_60_PPS_A__KS_-1"		}
,
		{
			"mesh": 38
			,"name": "R639-210-000-1_577189_ADN-25-60-A-PPS-A-2_536250_ADN_60_PPS____Z_-1"		}
,
		{
			"matrix": [
				3.67761e-16,					-1.27676e-15,					-1,					0,
				1.51615e-15,					-1,					1.27676e-15,					0,
				-1,					-1.52287e-15,					-3.64292e-16,					0,
				-0.17375,					-0.143696,					0.1274,					1
			]
			,"mesh": 39
			,"name": "R639-210-000-1_153335_QSML-M5-6-2"		}
,
		{
			"matrix": [
				-0.623203,					-6.93889e-18,					0.78206,					0,
				-0.78206,					-3.46945e-18,					-0.623203,					0,
				-8.0231e-18,					-1,					0,					0,
				-0.205,					-0.205979,					0.13,					1
			]
			,"mesh": 40
			,"name": "R639-210-000-1_2062_FK-M8-1"		}
,
		{
			"matrix": [
				1.15533e-15,					-3.83027e-15,					1,					0,
				-1,					-1.06208e-15,					1.1588e-15,					0,
				1.03129e-15,					-1,					-3.81639e-15,					0,
				-0.22115,					0.0618537,					0.1302,					1
			]
			,"mesh": 41
			,"name": "R639-210-000-1_541333 NEBU-M8G3-K-2_5-LE3-1"		}
,
		{
			"matrix": [
				1,					0,					0,					0,
				0,					1,					0,					0,
				0,					0,					1,					0,
				0.154,					-0.103996,					0.055,					1
			]
			,"mesh": 42
			,"name": "R639-210-000-1_8087978_MS2-WR-B-1"		}
,
		{
			"matrix": [
				1.35308e-16,					2.22045e-16,					1,					0,
				9.86624e-17,					1,					-2.28983e-16,					0,
				-1,					8.0231e-17,					1.31839e-16,					0,
				0.1422,					-0.127896,					-0.0215,					1
			]
			,"mesh": 43
			,"name": "R639-210-000-1_8042567_VUVG-LK14-M52-AT-G18-1R8L-S-1"		}
,
		{
			"matrix": [
				1,					0,					0,					0,
				0,					1,					0,					0,
				0,					0,					1,					0,
				0,					-0.134696,					0.106,					1
			]
			,"mesh": 44
			,"name": "R639-210-000-1_BEF-MA-CTRLPX-PAC5 - Art.nr. 2099916-1"		}
,
		{
			"matrix": [
				1,					-6.57027e-17,					6.93889e-17,					0,
				-6.93889e-17,					1.8735e-16,					1,					0,
				-8.58688e-17,					-1,					2.01228e-16,					0,
				0.1422,					-0.0985463,					-0.013,					1
			]
			,"mesh": 45
			,"name": "R639-210-000-1_186096_QS-G1_8-6-1"		}
,
		{
			"matrix": [
				0.671204,					1.04083e-16,					-0.741273,					0,
				1.9082e-17,					1,					1.38778e-16,					0,
				0.741273,					-1.00614e-16,					0.671204,					0,
				-0.205,					-0.139696,					0.175,					1
			]
			,"mesh": 46
			,"name": "R639-210-000-1_Vlakke rubberen ring 35X20 D=3 mm Silicone 60ShoreA - 1600FPK005123-1"		}
,
		{
			"matrix": [
				-5.55112e-17,					-1,					4.16334e-17,					0,
				0.671204,					-6.8121e-17,					-0.741273,					0,
				0.741273,					-1.32044e-17,					0.671204,					0,
				-0.205,					-0.148196,					0.175,					1
			]
			,"mesh": 47
			,"name": "R639-210-000-1_Retaining_ring_DIN_471_32x1_5_36000_032_001_High_-1"		}
,
		{
			"matrix": [
				1,					0,					0,					0,
				0,					1,					0,					0,
				0,					0,					1,					0,
				0,					-0.134696,					0.103607,					1
			]
			,"mesh": 48
			,"name": "R639-210-000-1_PAC50-FGB - Art.nr. 1077856-1"		}
,
		{
			"matrix": [
				0.682453,					5.89806e-17,					-0.73093,					0,
				-1.04083e-16,					1,					-4.16334e-17,					0,
				0.73093,					1.14492e-16,					0.682453,					0,
				0.07,					-0.224479,					0.1855,					1
			]
			,"name": "R639-210-000-1_Slang 60-1"		}
,
		{
			"matrix": [
				-1.38778e-17,					-3.89272e-15,					1,					0,
				-4.98733e-17,					1,					3.87884e-15,					0,
				-1,					4.68375e-17,					-1.73472e-17,					0,
				0,					-0.355979,					-3.9968e-15,					1
			]
			,"mesh": 49
			,"name": "R639-210-000-1_6856_CG-VG-500x500-P20 - RevC-1"		}
,
		{
			"matrix": [
				-2.15106e-16,					1.73472e-16,					-1,					0,
				1.79978e-16,					1,					1.73472e-16,					0,
				1,					-1.6675e-16,					-2.11636e-16,					0,
				-0.055,					0.027742,					-0.1255,					1
			]
			,"mesh": 50
			,"name": "R639-210-000-1_Vulbus o15-o6,2x15-1"		}
,
		{
			"matrix": [
				-4.66294e-15,					-6.93889e-18,					1,					0,
				8.0231e-18,					1,					0,					0,
				-1,					-4.33681e-18,					-4.65947e-15,					0,
				-0.205,					-0.218479,					0.175,					1
			]
			,"mesh": 51
			,"name": "R639-210-000-1_R639-210-013-1"		}
,
		{
			"matrix": [
				-5.55112e-17,					-1,					4.16334e-17,					0,
				0.866016,					-6.88909e-17,					-0.500016,					0,
				0.500016,					8.2987e-18,					0.866016,					0,
				-0.205,					-0.163696,					0.175,					1
			]
			,"mesh": 52
			,"name": "R639-210-000-1_FM-20-1"		}
,
		{
			"matrix": [
				1.27741e-15,					-1,					-2.54657e-15,					0,
				1,					1.29085e-15,					-1.71738e-15,					0,
				1.72085e-15,					-2.53964e-15,					1,					0,
				0.154,					-0.118396,					0.0295,					1
			]
			,"mesh": 53
			,"name": "R639-210-000-1_153335_QSML-M5-6-10"		}
,
		{
			"matrix": [
				-5.55112e-17,					-1,					4.16334e-17,					0,
				0.671204,					-6.8121e-17,					-0.741273,					0,
				0.741273,					-1.32044e-17,					0.671204,					0,
				-0.205,					-0.177696,					0.175,					1
			]
			,"mesh": 54
			,"name": "R639-210-000-1_Retaining_ring_DIN_471_32x1_5_36000_032_001_High_-2"		}
,
		{
			"matrix": [
				1,					-4.25007e-17,					-5.20417e-17,					0,
				-5.68122e-17,					-1,					4.64906e-16,					0,
				-5.55112e-17,					-4.51028e-16,					-1,					0,
				0.1422,					-0.127896,					-0.0066,					1
			]
			,"mesh": 55
			,"name": "R639-210-000-1_161419_UC-1_8-2"		}
,
		{
			"matrix": [
				1.27806e-15,					1,					2.53964e-15,					0,
				1,					-1.26787e-15,					1.72085e-15,					0,
				1.72085e-15,					2.53964e-15,					-1,					0,
				0.154,					-0.118396,					0.0805,					1
			]
			,"mesh": 56
			,"name": "R639-210-000-1_153335_QSML-M5-6-9"		}
,
		{
			"matrix": [
				-1.16573e-15,					-3.95517e-16,					-1,					0,
				-2.59992e-16,					-1,					4.02456e-16,					0,
				-1,					2.3744e-16,					1.1692e-15,					0,
				0.1422,					-0.127896,					-0.0215,					1
			]
			,"mesh": 57
			,"name": "R639-210-000-1_186117_QSL-G1_8-6-1"		}
,
		{
			"matrix": [
				-3.94216e-16,					1,					3.97443e-12,					0,
				0.183701,					-3.90672e-12,					0.982982,					0,
				0.982982,					7.30505e-13,					-0.183701,					0,
				-0.000953358,					-0.0801817,					0.0874103,					1
			]
			,"mesh": 58
			,"name": "R639-210-000-1_SICK YF2A14-050VB3XLEAX - Art.2096235-2"		}
,
		{
			"matrix": [
				0,					-3.49026e-15,					-1,					0,
				1,					3.35062e-15,					3.46945e-18,					0,
				3.34606e-15,					-1,					3.50414e-15,					0,
				-8.32667e-17,					-0.304579,					0.01975,					1
			]
			,"mesh": 59
			,"name": "R639-210-000-1_LR-ZH500CP-1"		}
,
		{
			"matrix": [
				-0.989662,					2.60209e-18,					0.143418,					0,
				1.51788e-17,					1,					6.93889e-18,					0,
				-0.143418,					6.93889e-18,					-0.989662,					0,
				-0.205,					-0.0954787,					0.175,					1
			]
			,"mesh": 60
			,"name": "R639-210-000-1_R639-210-005-1"		}
,
		{
			"matrix": [
				3.46945e-18,					-0.422618,					0.906308,					0,
				2.77556e-17,					-0.906308,					-0.422618,					0,
				1,					5.00901e-17,					1.04083e-17,					0,
				0.01,					-0.0171183,					0.102092,					1
			]
			,"name": "R639-210-000-1_R639-210-010-1"		}
,
		{
			"matrix": [
				1,					0,					0,					0,
				0,					1,					0,					0,
				0,					0,					1,					0,
				-2.77556e-17,					-0.132696,					0.108,					1
			]
			,"mesh": 61
			,"name": "R639-210-000-1_R639-210-011-1"		}
,
		{
			"matrix": [
				1,					-4.25007e-17,					-5.20417e-17,					0,
				-5.68122e-17,					-1,					4.64906e-16,					0,
				-5.55112e-17,					-4.51028e-16,					-1,					0,
				0.1422,					-0.127896,					-0.0364,					1
			]
			,"mesh": 62
			,"name": "R639-210-000-1_161419_UC-1_8-1"		}
,
		{
			"matrix": [
				-1.00831e-16,					-1,					1.52656e-16,					0,
				0.549868,					-1.63064e-16,					-0.835252,					0,
				0.835252,					6.93889e-18,					0.549868,					0,
				-0.205,					-0.0954787,					0.175,					1
			]
			,"mesh": 63
			,"name": "R639-210-000-1_DIN912 M10x20-5"		}
,
		{
			"matrix": [
				-1,					-8.23994e-18,					0,					0,
				-1.02782e-16,					1,					0,					0,
				0,					0,					-1,					0,
				0,					-0.102258,					-0.171,					1
			]
			,"name": "R639-210-000-1_1514.510 -1"		}
,
		{
			"matrix": [
				-3.46945e-18,					0.707107,					0.707107,					0,
				-0.910396,					-0.292557,					0.292557,					0,
				0.413739,					-0.643747,					0.643747,					0,
				-2.77556e-17,					-0.0437464,					0.126157,					1
			]
			,"mesh": 64
			,"name": "R639-210-000-1_VND-M253GT-1"		}
,
		{
			"matrix": [
				0.924889,					5.20417e-18,					0.380236,					0,
				8.0231e-18,					1,					0,					0,
				-0.380236,					-6.93889e-18,					0.924889,					0,
				-0.205,					-0.159479,					0.175,					1
			]
			,"mesh": 65
			,"name": "R639-210-000-1_R639-210-006-1"		}
,
		{
			"matrix": [
				0,					0,					1,					0,
				8.0231e-18,					1,					0,					0,
				-1,					-8.0231e-18,					0,					0,
				-0.205,					-0.163696,					-2.22045e-16,					1
			]
			,"mesh": 66
			,"name": "R639-210-000-1_R639-210-007-3"		}
,
		{
			"matrix": [
				1,					0,					0,					0,
				0,					1,					0,					0,
				0,					0,					1,					0,
				-0.125,					-0.177696,					0.015,					1
			]
			,"mesh": 67
			,"name": "R639-210-000-1_TRSZ76 Schroefz. kabelb.7,6 mm-1"		}
,
		{
			"matrix": [
				1,					0,					0,					0,
				0,					1,					0,					0,
				0,					0,					1,					0,
				0,					0.055742,					-0.115,					1
			]
			,"mesh": 68
			,"name": "R639-210-000-1_R639-210-008-1"		}
,
		{
			"matrix": [
				-2.15106e-16,					1.73472e-16,					-1,					0,
				1.79978e-16,					1,					1.73472e-16,					0,
				1,					-1.6675e-16,					-2.11636e-16,					0,
				-0.055,					-0.082258,					-0.1255,					1
			]
			,"mesh": 69
			,"name": "R639-210-000-1_Vulbus o15-o6,2x15-2"		}
,
		{
			"children": [
				78, 79, 80, 81, 82, 83, 84, 85, 86, 87, 88, 89, 90, 91, 92, 93
			]
			,"matrix": [
				1,					0,					0,					0,
				0,					1,					0,					0,
				0,					0,					1,					0,
				-5.55112e-17,					-0.294979,					-2.22045e-16,					1
			]
			,"name": "R639-210-000-1_R639-210-100-1"		}
,
		{
			"matrix": [
				1,					8.0231e-18,					0,					0,
				0,					0,					-1,					0,
				8.0231e-18,					1,					0,					0,
				-0.185,					-2.22045e-16,					-0.12,					1
			]
			,"mesh": 70
			,"name": "R639-210-000-1_R639-210-100-1_Angle E40s - Series 40 - 82.40.0742-1"		}
,
		{
			"matrix": [
				1,					3.38271e-16,					3.94129e-15,					0,
				-3.93782e-15,					1.17961e-16,					1,					0,
				3.28947e-16,					-1,					1.249e-16,					0,
				-0.185,					-2.44249e-15,					-0.08,					1
			]
			,"mesh": 71
			,"name": "R639-210-000-1_R639-210-100-1_Angle E40s - Series 40 - 82.40.0742-2"		}
,
		{
			"matrix": [
				-4.00374e-15,					-3.88578e-15,					1,					0,
				-1,					-2.1684e-19,					-4.00721e-15,					0,
				-1.23599e-17,					-1,					-3.87884e-15,					0,
				-0.205,					-2.22045e-15,					-8.88178e-16,					1
			]
			,"mesh": 72
			,"name": "R639-210-000-1_R639-210-100-1_R639-210-016-1"		}
,
		{
			"matrix": [
				1,					0,					0,					0,
				0,					1,					0,					0,
				0,					0,					1,					0,
				0,					-4.44089e-16,					-0.1,					1
			]
			,"mesh": 73
			,"name": "R639-210-000-1_R639-210-100-1_R639-210-015-1"		}
,
		{
			"matrix": [
				-1,					-8.0231e-18,					0,					0,
				0,					0,					-1,					0,
				-8.0231e-18,					-1,					0,					0,
				0.185,					0,					-0.12,					1
			]
			,"mesh": 74
			,"name": "R639-210-000-1_R639-210-100-1_Angle E40s - Series 40 - 82.40.0742-4"		}
,
		{
			"matrix": [
				-1,					-8.0231e-18,					0,					0,
				0,					0,					1,					0,
				8.0231e-18,					1,					0,					0,
				0.185,					-2.22045e-16,					0.12,					1
			]
			,"mesh": 75
			,"name": "R639-210-000-1_R639-210-100-1_Angle E40s - Series 40 - 82.40.0742-8"		}
,
		{
			"matrix": [
				-4.00721e-15,					3.88578e-15,					-1,					0,
				1,					8.89046e-18,					-4.00374e-15,					0,
				-1.23599e-17,					-1,					-3.87884e-15,					0,
				0.205,					-2.44249e-15,					-8.88178e-16,					1
			]
			,"mesh": 76
			,"name": "R639-210-000-1_R639-210-100-1_R639-210-016-2"		}
,
		{
			"matrix": [
				-1,					3.29164e-16,					3.94129e-15,					0,
				3.94129e-15,					1.17961e-16,					1,					0,
				3.37621e-16,					1,					-1.31839e-16,					0,
				0.185,					-2.44249e-15,					-0.08,					1
			]
			,"mesh": 77
			,"name": "R639-210-000-1_R639-210-100-1_Angle E40s - Series 40 - 82.40.0742-3"		}
,
		{
			"matrix": [
				-1,					-4.98733e-18,					-4.12864e-15,					0,
				4.12864e-15,					-3.75394e-15,					-1,					0,
				-7.58942e-18,					-1,					3.76088e-15,					0,
				0.205,					-3.33067e-15,					-0.2,					1
			]
			,"mesh": 78
			,"name": "R639-210-000-1_R639-210-100-1_End cap 40x40 mk2507-4"		}
,
		{
			"matrix": [
				-1,					-4.11997e-18,					4.12864e-15,					0,
				4.13211e-15,					-3.76088e-15,					1,					0,
				1.56125e-17,					1,					3.75394e-15,					0,
				0.205,					-3.10862e-15,					0.2,					1
			]
			,"mesh": 79
			,"name": "R639-210-000-1_R639-210-100-1_End cap 40x40 mk2507-2"		}
,
		{
			"matrix": [
				1,					4.11997e-18,					-4.12864e-15,					0,
				-4.12864e-15,					-3.75394e-15,					-1,					0,
				7.58942e-18,					1,					-3.76088e-15,					0,
				-0.205,					-3.10862e-15,					-0.2,					1
			]
			,"mesh": 80
			,"name": "R639-210-000-1_R639-210-100-1_End cap 40x40 mk2507-3"		}
,
		{
			"matrix": [
				1,					8.0231e-18,					0,					0,
				0,					0,					1,					0,
				-8.0231e-18,					-1,					0,					0,
				-0.185,					0,					0.12,					1
			]
			,"mesh": 81
			,"name": "R639-210-000-1_R639-210-100-1_Angle E40s - Series 40 - 82.40.0742-5"		}
,
		{
			"matrix": [
				1,					3.38054e-16,					-3.93782e-15,					0,
				-3.93782e-15,					1.31839e-16,					-1,					0,
				-3.21574e-16,					1,					1.249e-16,					0,
				-0.185,					-2.44249e-15,					0.08,					1
			]
			,"mesh": 82
			,"name": "R639-210-000-1_R639-210-100-1_Angle E40s - Series 40 - 82.40.0742-6"		}
,
		{
			"matrix": [
				-1,					3.28947e-16,					-3.94129e-15,					0,
				3.93782e-15,					1.31839e-16,					-1,					0,
				-3.44993e-16,					-1,					-1.17961e-16,					0,
				0.185,					-2.44249e-15,					0.08,					1
			]
			,"mesh": 83
			,"name": "R639-210-000-1_R639-210-100-1_Angle E40s - Series 40 - 82.40.0742-7"		}
,
		{
			"matrix": [
				-1,					-8.0231e-18,					0,					0,
				8.0231e-18,					1,					0,					0,
				0,					0,					-1,					0,
				2.77556e-17,					0,					0.1,					1
			]
			,"mesh": 84
			,"name": "R639-210-000-1_R639-210-100-1_R639-210-015-2"		}
,
		{
			"matrix": [
				1,					4.98733e-18,					4.12864e-15,					0,
				-4.12864e-15,					-3.76088e-15,					1,					0,
				-1.56125e-17,					-1,					-3.75394e-15,					0,
				-0.205,					-3.10862e-15,					0.2,					1
			]
			,"mesh": 85
			,"name": "R639-210-000-1_R639-210-100-1_End cap 40x40 mk2507-1"		}
,
		{
			"matrix": [
				1,					0,					0,					0,
				0,					1,					0,					0,
				0,					0,					1,					0,
				-1.52656e-15,					-0.312979,					0.028,					1
			]
			,"mesh": 86
			,"name": "R639-210-000-1_R639-210-014-1"		}
,
		{
			"matrix": [
				2.62377e-16,					1,					3.87884e-15,					0,
				-1,					2.47632e-16,					-3.88578e-15,					0,
				-3.87884e-15,					-3.88578e-15,					1,					0,
				-0.205,					-0.303979,					0.175,					1
			]
			,"mesh": 87
			,"name": "R639-210-000-1_DIN912 M10x45-1"		}
,
		{
			"matrix": [
				1,					3.14419e-17,					6.93889e-17,					0,
				-3.46945e-17,					0.906308,					0.422618,					0,
				-6.245e-17,					-0.422618,					0.906308,					0,
				0.045,					-0.0477459,					0.209182,					1
			]
			,"name": "R639-210-000-1_R639-210-009-1"		}
,
		{
			"matrix": [
				0,					0,					1,					0,
				8.0231e-18,					1,					0,					0,
				-1,					-8.0231e-18,					0,					0,
				0.1685,					-0.170946,					0,					1
			]
			,"mesh": 88
			,"name": "R639-210-000-1_153129_QST_6-1"		}
,
		{
			"matrix": [
				0,					0,					1,					0,
				8.0231e-18,					1,					0,					0,
				-1,					-8.0231e-18,					0,					0,
				-2.77556e-17,					-0.170946,					-0.025,					1
			]
			,"mesh": 89
			,"name": "R639-210-000-1_153149_QSY-6-1"		}
,
		{
			"matrix": [
				0.864743,					-2.35922e-16,					-0.502214,					0,
				0.502214,					3.40006e-16,					0.864743,					0,
				-5.13912e-17,					-1,					4.16334e-16,					0,
				0.07,					-0.164479,					0.1855,					1
			]
			,"mesh": 90
			,"name": "R639-210-000-1_Trompbocht RVS-1"		}
,
		{
			"matrix": [
				-0.502214,					-3.40006e-16,					-0.864743,					0,
				-5.13912e-17,					-1,					4.16334e-16,					0,
				-0.864743,					2.42861e-16,					0.502214,					0,
				0.07,					-0.223479,					0.1855,					1
			]
			,"mesh": 91
			,"name": "R639-210-000-1_R639-210-021-1"		}
,
		{
			"matrix": [
				-1.73472e-17,					-0.707107,					0.707107,					0,
				0,					-0.707107,					-0.707107,					0,
				1,					-5.20417e-18,					2.08167e-17,					0,
				-5.55112e-17,					-0.0189976,					0.101408,					1
			]
			,"mesh": 92
			,"name": "R639-210-000-1_R639-210-020-1"		}
,
		{
			"matrix": [
				0.333313,					-3.83721e-15,					0.942816,					0,
				-0.942816,					-1.50227e-15,					0.333313,					0,
				1.19696e-16,					-1,					-4.1217e-15,					0,
				-0.0918967,					-0.166029,					0.193473,					1
			]
			,"mesh": 93
			,"name": "R639-210-000-1_551375_SMT-10M-PS-24V-E-03-L-M8D-1"		}
,
		{
			"matrix": [
				1,					-3.57028e-15,					-3.83721e-15,					0,
				3.83721e-15,					-3.56659e-15,					1,					0,
				-3.58654e-15,					-1,					-3.56659e-15,					0,
				-0.0940652,					-0.0369287,					0.194239,					1
			]
			,"mesh": 94
			,"name": "R639-210-000-1_541333 NEBU-M8G3-K-2_5-LE3-3"		}
,
		{
			"matrix": [
				1,					0,					0,					0,
				0,					1,					0,					0,
				0,					0,					1,					0,
				0.0906654,					-0.238479,					0.241829,					1
			]
			,"mesh": 95
			,"name": "R639-210-000-1_Vibration_damping_elements DVA.4-20-15-M6-18-55-2"		}
,
		{
			"matrix": [
				-2.77556e-17,					-0.707107,					-0.707107,					0,
				0.614208,					0.558009,					-0.558009,					0,
				0.789144,					-0.434311,					0.434311,					0,
				-5.55112e-17,					-0.0451606,					0.124743,					1
			]
			,"mesh": 96
			,"name": "R639-210-000-1_MN-M25-1"		}
,
		{
			"matrix": [
				-1,					-7.80626e-18,					-1.66533e-16,					0,
				8.0231e-18,					1,					0,					0,
				1.66533e-16,					0,					-1,					0,
				0.07,					-0.271979,					0.0995,					1
			]
			,"mesh": 97
			,"name": "R639-210-000-1_R639-210-022-1"		}
,
		{
			"matrix": [
				1,					0,					0,					0,
				0,					1,					0,					0,
				0,					0,					1,					0,
				0.0445039,					-0.238479,					0.131187,					1
			]
			,"mesh": 98
			,"name": "R639-210-000-1_Vibration_damping_elements DVA.4-20-15-M6-18-55-1"		}
,
		{
			"matrix": [
				-1,					-8.0231e-18,					0,					0,
				8.0231e-18,					1,					0,					0,
				0,					0,					-1,					0,
				-0.154,					-0.118396,					0.055,					1
			]
			,"mesh": 99
			,"name": "R639-210-000-1_8086628_MS2-LR-M5-D6-AR-BAR-B-2"		}
,
		{
			"matrix": [
				0.623203,					6.93889e-18,					0.78206,					0,
				-0.78206,					-6.93889e-18,					0.623203,					0,
				-8.0231e-18,					-1,					0,					0,
				-0.205,					-0.205979,					-0.13,					1
			]
			,"mesh": 100
			,"name": "R639-210-000-1_2062_FK-M8-4"		}
,
		{
			"matrix": [
				-3.71231e-16,					-1.27676e-15,					-1,					0,
				1.52591e-15,					1,					-1.27676e-15,					0,
				1,					-1.51376e-15,					-3.67761e-16,					0,
				0.17375,					-0.143696,					0.1274,					1
			]
			,"mesh": 101
			,"name": "R639-210-000-1_153335_QSML-M5-6-5"		}
,
		{
			"matrix": [
				1.66533e-16,					-1.26982e-15,					1,					0,
				-1.71087e-15,					1,					1.2837e-15,					0,
				-1,					-1.73212e-15,					1.63064e-16,					0,
				-0.17375,					-0.0566963,					-0.1326,					1
			]
			,"mesh": 102
			,"name": "R639-210-000-1_153335_QSML-M5-6-4"		}
,
		{
			"matrix": [
				3.40006e-16,					-1.26982e-15,					1,					0,
				-1.50964e-15,					1,					1.27676e-15,					0,
				-1,					-1.53111e-15,					3.33067e-16,					0,
				-0.17375,					-0.143696,					-0.1274,					1
			]
			,"mesh": 103
			,"name": "R639-210-000-1_153335_QSML-M5-6-3"		}
,
		{
			"matrix": [
				1,					0,					0,					0,
				0,					1,					0,					0,
				0,					0,					1,					0,
				-0.125,					-0.177696,					-0.015,					1
			]
			,"mesh": 104
			,"name": "R639-210-000-1_TRSZ76 Schroefz. kabelb.7,6 mm-2"		}
,
		{
			"matrix": [
				-3.95517e-16,					-1.27676e-15,					1,					0,
				-1.53241e-15,					-1,					-1.2837e-15,					0,
				1,					-1.51268e-15,					3.92048e-16,					0,
				0.17375,					-0.143696,					-0.1274,					1
			]
			,"mesh": 105
			,"name": "R639-210-000-1_153335_QSML-M5-6-8"		}
,
		{
			"children": [
				116, 117
			]
			,"matrix": [
				-1,					-9.1073e-18,					8.88178e-16,					0,
				-8.88178e-16,					6.93889e-18,					-1,					0,
				-8.0231e-18,					-1,					0,					0,
				0.205,					-0.149696,					-0.13,					1
			]
			,"name": "R639-210-000-1_577189_ADN-25-60-A-PPS-A-4"		}
,
		{
			"mesh": 106
			,"name": "R639-210-000-1_577189_ADN-25-60-A-PPS-A-4_536250_ADN_60_PPS____Z_-1"		}
,
		{
			"matrix": [
				-9.1073e-18,					6.93889e-18,					-1,					0,
				0,					-1,					6.93889e-18,					0,
				-1,					0,					-9.1073e-18,					0,
				0,					0,					0,					1
			]
			,"mesh": 107
			,"name": "R639-210-000-1_577189_ADN-25-60-A-PPS-A-4_536250_ADN_60_PPS_A__KS_-1"		}
,
		{
			"matrix": [
				-2.18575e-16,					-1.26982e-15,					1,					0,
				-1.73364e-15,					-1,					-1.27676e-15,					0,
				1,					-1.71369e-15,					2.22045e-16,					0,
				0.17375,					-0.0566963,					-0.1326,					1
			]
			,"mesh": 108
			,"name": "R639-210-000-1_153335_QSML-M5-6-7"		}
,
		{
			"matrix": [
				-1,					-9.1073e-18,					-2.77556e-17,					0,
				8.0231e-18,					1,					0,					0,
				2.77556e-17,					0,					-1,					0,
				0.125,					-0.177696,					-0.015,					1
			]
			,"mesh": 109
			,"name": "R639-210-000-1_TRSZ76 Schroefz. kabelb.7,6 mm-4"		}
,
		{
			"matrix": [
				1.1588e-15,					3.82333e-15,					-1,					0,
				1,					-1.03888e-15,					1.1588e-15,					0,
				-1.05905e-15,					-1,					-3.81639e-15,					0,
				0.22115,					0.0618537,					0.1302,					1
			]
			,"mesh": 110
			,"name": "R639-210-000-1_541333 NEBU-M8G3-K-2_5-LE3-2"		}
,
		{
			"matrix": [
				2.11636e-16,					1.73472e-16,					-1,					0,
				-1.67401e-16,					1,					1.66533e-16,					0,
				1,					1.82796e-16,					2.11636e-16,					0,
				0.055,					-0.082258,					-0.1255,					1
			]
			,"mesh": 111
			,"name": "R639-210-000-1_Vulbus o15-o6,2x15-3"		}
,
		{
			"children": [
				123, 124
			]
			,"matrix": [
				-1,					-8.23994e-18,					-9.19403e-16,					0,
				9.15934e-16,					0,					-1,					0,
				-8.0231e-18,					-1,					0,					0,
				0.205,					-0.149696,					0.13,					1
			]
			,"name": "R639-210-000-1_577189_ADN-25-60-A-PPS-A-3"		}
,
		{
			"matrix": [
				-1.4962e-17,					0,					-1,					0,
				0,					-1,					0,					0,
				-1,					0,					-8.23994e-18,					0,
				0,					0,					0.06,					1
			]
			,"mesh": 112
			,"name": "R639-210-000-1_577189_ADN-25-60-A-PPS-A-3_536250_ADN_60_PPS_A__KS_-1"		}
,
		{
			"mesh": 113
			,"name": "R639-210-000-1_577189_ADN-25-60-A-PPS-A-3_536250_ADN_60_PPS____Z_-1"		}
,
		{
			"matrix": [
				0.623203,					6.93889e-18,					-0.78206,					0,
				0.78206,					3.46945e-18,					0.623203,					0,
				-8.0231e-18,					-1,					0,					0,
				0.205,					-0.205979,					-0.13,					1
			]
			,"mesh": 114
			,"name": "R639-210-000-1_2062_FK-M8-3"		}
,
		{
			"matrix": [
				-1.1588e-15,					-1.39472e-15,					1,					0,
				1,					-8.44377e-16,					1.15533e-15,					0,
				8.55219e-16,					1,					1.39472e-15,					0,
				0.2191,					0.0343036,					0.1302,					1
			]
			,"name": "R639-210-000-1_574334_SMT-8M-A-PS-24V-E-03-M8D-2"		}
,
		{
			"matrix": [
				4.69069e-15,					0,					-1,					0,
				8.0231e-18,					1,					0,					0,
				1,					-1.51788e-18,					4.68722e-15,					0,
				0.205,					-0.218479,					-0.175,					1
			]
			,"mesh": 115
			,"name": "R639-210-000-1_R639-210-013-4"		}
,
		{
			"matrix": [
				-1.94289e-16,					-1.27676e-15,					-1,					0,
				1.72713e-15,					1,					-1.27676e-15,					0,
				1,					-1.71564e-15,					-1.94289e-16,					0,
				0.17375,					-0.0566963,					0.1326,					1
			]
			,"mesh": 116
			,"name": "R639-210-000-1_153335_QSML-M5-6-6"		}
,
		{
			"matrix": [
				2.11636e-16,					1.73472e-16,					-1,					0,
				-1.67401e-16,					1,					1.66533e-16,					0,
				1,					1.82796e-16,					2.11636e-16,					0,
				0.055,					0.027742,					-0.1255,					1
			]
			,"mesh": 117
			,"name": "R639-210-000-1_Vulbus o15-o6,2x15-4"		}
,
		{
			"children": [
				131, 132
			]
			,"matrix": [
				1,					9.1073e-18,					9.47159e-16,					0,
				-9.4369e-16,					0,					1,					0,
				-8.0231e-18,					-1,					0,					0,
				-0.205,					-0.149696,					-0.13,					1
			]
			,"name": "R639-210-000-1_577189_ADN-25-60-A-PPS-A-5"		}
,
		{
			"matrix": [
				1.58294e-17,					0,					-1,					0,
				0,					-1,					0,					0,
				-1,					0,					9.1073e-18,					0,
				1.38778e-17,					0,					0.06,					1
			]
			,"mesh": 118
			,"name": "R639-210-000-1_577189_ADN-25-60-A-PPS-A-5_536250_ADN_60_PPS_A__KS_-1"		}
,
		{
			"mesh": 119
			,"name": "R639-210-000-1_577189_ADN-25-60-A-PPS-A-5_536250_ADN_60_PPS____Z_-1"		}
,
		{
			"matrix": [
				-1.26353e-15,					1,					2.55351e-15,					0,
				1,					1.28391e-15,					-1.72085e-15,					0,
				-1.72432e-15,					2.54657e-15,					-1,					0,
				-0.154,					-0.118396,					0.0805,					1
			]
			,"mesh": 120
			,"name": "R639-210-000-1_153335_QSML-M5-6-11"		}
,
		{
			"matrix": [
				-1,					-8.0231e-18,					0,					0,
				8.0231e-18,					1,					0,					0,
				0,					0,					-1,					0,
				0.125,					-0.177696,					0.015,					1
			]
			,"mesh": 121
			,"name": "R639-210-000-1_TRSZ76 Schroefz. kabelb.7,6 mm-3"		}
,
		{
			"matrix": [
				1,					0,					0,					0,
				0,					1,					0,					0,
				0,					0,					1,					0,
				-0.125,					-0.177696,					-0.015,					1
			]
			,"mesh": 122
			,"name": "R639-210-000-1_TRSZ76 Schroefz. kabelb.7,6 mm-5"		}
,
		{
			"matrix": [
				0,					0,					1,					0,
				8.0231e-18,					1,					0,					0,
				-1,					-8.0231e-18,					0,					0,
				0,					-0.143946,					-0.025,					1
			]
			,"mesh": 123
			,"name": "R639-210-000-1_153149_QSY-6-3"		}
,
		{
			"matrix": [
				-1,					-8.0231e-18,					0,					0,
				8.0231e-18,					1,					0,					0,
				0,					0,					-1,					0,
				-0.154,					-0.103996,					0.055,					1
			]
			,"mesh": 124
			,"name": "R639-210-000-1_8087978_MS2-WR-B-2"		}
,
		{
			"matrix": [
				-2.39175e-16,					1,					-3.88578e-15,					0,
				1,					2.5392e-16,					3.91354e-15,					0,
				3.91007e-15,					-3.87884e-15,					-1,					0,
				0.205,					-0.303979,					-0.175,					1
			]
			,"mesh": 125
			,"name": "R639-210-000-1_DIN912 M10x45-4"		}
,
		{
			"matrix": [
				0,					0,					1,					0,
				8.0231e-18,					1,					0,					0,
				-1,					-8.0231e-18,					0,					0,
				-2.77556e-17,					-0.157446,					-0.025,					1
			]
			,"mesh": 126
			,"name": "R639-210-000-1_153149_QSY-6-2"		}
,
		{
			"matrix": [
				-1.29194e-15,					-1,					-2.5327e-15,					0,
				1,					-1.2748e-15,					1.71738e-15,					0,
				-1.71738e-15,					-2.53964e-15,					1,					0,
				-0.154,					-0.118396,					0.0295,					1
			]
			,"mesh": 127
